tid,mjd,candid,fid,pid,diffmaglim,isdiffpos,nid,distnr,magpsf,magap,sigmapsf,sigmagap,ra,dec,rb,rbversion,drb,magapbig,sigmagapbig,rfid,has_stamp,corrected,dubious,step_id_corr,phase,parent_candid,magpsf_corr,sigmapsf_corr,sigmapsf_corr_ext,oid
ztf,58457.16010419978,703160104615015004,2,703160104615,19.711704,1,703,1.4378889,18.62605,18.2645,0.11871322,0.0891,327.0872904,48.5369139,0.52666664,t8_f5_c3,0.0,18.1456,0.0937,770120246.0,True,False,False,bulk_1.0.0,0.0,0.0,,,,ZTF18actxrky
ztf,58607.42613429995,853426134615015000,1,853426134615,20.330935,1,853,0.7155849,18.73959,18.6938,0.10350535,0.0956,327.0870995,48.5370712,0.44,t15_f5_c3,0.0,18.7216,0.1168,770120146.0,True,True,False,bulk_1.0.0,0.0,0.0,15.7963085,100.0,0.0068809837,ZTF18actxrky
ztf,58643.46524310019,889465243515010001,2,889465243515,20.6737,-1,889,0.743195,18.2105,18.4804,0.258899,0.0893,327.0868294,48.537008,0.38,t17_f5_c3,,18.5227,0.1025,,False,True,True,bulk_1.0.0,0.0,9.19350244615015e+17,14.704143,100.0,0.010246774,ZTF18actxrky
ztf,58644.47171299998,890471713515010000,2,890471713515,20.5679,-1,890,0.123843,18.0484,18.5696,0.168374,0.0999,327.0868444,48.5371836,0.385714,t17_f5_c3,,18.5972,0.1145,,False,True,True,bulk_1.0.0,0.0,9.19350244615015e+17,14.711084,100.0,0.0077866083,ZTF18actxrky
ztf,58673.350243099965,919350244615015004,1,919350244615,21.048939,1,919,0.9033425,18.934523,18.9874,0.19895805,0.0908,327.0871141,48.5370071,0.51,t17_f5_c3,0.7348321,18.9278,0.097,770120146.0,True,True,False,bulk_1.0.0,0.0,0.0,15.808236,100.0,0.011174989,ZTF18actxrky
ztf,58811.1374884001,1057137484615015005,2,1057137484615,19.792475,1,1057,0.91774833,17.927801,17.8022,0.1133174,0.0682,327.0871161,48.5370108,0.6242857,t17_f5_c3,0.8538928,17.6896,0.0728,770120246.0,True,True,True,bulk_1.0.0,0.0,0.0,14.625847,100.0,0.005413957,ZTF18actxrky
ztf,59010.472314800136,1256472314615015003,1,1256472314615,20.149,1,1256,0.433297,18.8223,18.7349,0.086833,0.1142,327.086796,48.5370879,0.867143,t17_f5_c3,,18.8116,0.1511,,False,True,False,bulk_1.0.0,0.0,1.280370763515015e+18,15.801618,100.0,0.005375411,ZTF18actxrky
ztf,59010.47799770022,1256477993515015003,1,1256477993515,19.9389,1,1256,0.685013,19.0401,19.1213,0.216628,0.1924,327.0866265,48.5371306,0.42,t17_f5_c3,,19.0301,0.2206,,False,True,False,bulk_1.0.0,0.0,1.280370763515015e+18,15.804413,100.0,0.011001191,ZTF18actxrky
ztf,59022.392500000075,1268392503515015004,1,1268392503515,20.883314,1,1268,0.7417772,18.442442,18.4767,0.14484005,0.0585,327.0870725,48.5370451,0.42571428,t17_f5_c3,0.69247663,18.4334,0.0643,769120135.0,False,True,False,bulk_1.0.0,0.0,1.280370763515015e+18,15.764675,100.0,0.012296508,ZTF18actxrky
ztf,59025.34682870004,1271346824615015003,1,1271346824615,20.4934,1,1271,0.470289,18.3607,18.3255,0.11676,0.0662,327.0869143,48.5370732,0.79,t17_f5_c3,,18.3448,0.0794,,False,True,False,bulk_1.0.0,0.0,1.280370763515015e+18,15.766578,100.0,0.010706441,ZTF18actxrky
ztf,59025.39326390019,1271393264615015003,2,1271393264615,20.840334,1,1271,0.7179356,17.060884,17.1259,0.119805224,0.0254,327.0870723,48.5370626,0.62142855,t17_f5_c3,0.5482965,17.1443,0.0279,770120246.0,False,True,True,bulk_1.0.0,0.0,1.280370763515015e+18,14.564234,100.0,0.012017533,ZTF18actxrky
ztf,59028.39524309989,1274395244615015001,1,1274395244615,20.5348,1,1274,0.110836,18.1269,18.2013,0.119268,0.0531,327.0868691,48.5371705,0.844286,t17_f5_c3,,18.1427,0.0589,,False,True,False,bulk_1.0.0,0.0,1.280370763515015e+18,15.742916,100.0,0.013271819,ZTF18actxrky
ztf,59028.46840280015,1274468403515015000,2,1274468403515,20.4541,1,1274,0.523918,17.3166,17.3845,0.086457,0.034,327.0870657,48.5371204,0.757143,t17_f5_c3,,17.3248,0.0362,,False,True,True,bulk_1.0.0,0.0,1.280370763515015e+18,14.571697,100.0,0.0068998374,ZTF18actxrky
ztf,59028.47030089982,1274470304615015003,2,1274470304615,20.2011,1,1274,1.29031,17.4563,17.3215,0.093927,0.0349,327.0867147,48.5368567,0.73,t17_f5_c3,,17.3047,0.0391,,False,True,True,bulk_1.0.0,0.0,1.280370763515015e+18,14.597997,100.0,0.006752566,ZTF18actxrky
ztf,59028.481944399886,1274481944615015003,2,1274481944615,20.4993,1,1274,0.839498,17.3111,17.4079,0.127649,0.0361,327.0868638,48.5369696,0.638571,t17_f5_c3,,17.3799,0.0394,,False,True,True,bulk_1.0.0,0.0,1.280370763515015e+18,14.5868845,100.0,0.010383202,ZTF18actxrky
ztf,59030.48394680023,1276483944615015000,2,1276483944615,19.9761,1,1276,0.085175,17.2242,17.3249,0.081793,0.0414,327.0868932,48.5372128,0.742857,t17_f5_c3,,17.2971,0.0476,,False,True,True,bulk_1.0.0,0.0,1.280370763515015e+18,14.579551,100.0,0.007159069,ZTF18actxrky
ztf,59031.33307870012,1277333073515015003,1,1277333073515,19.9738,1,1277,0.832342,18.3236,18.3432,0.105702,0.0924,327.0868134,48.5369885,0.657143,t17_f5_c3,,18.356,0.1157,,False,True,False,bulk_1.0.0,0.0,1.280370763515015e+18,15.754065,100.0,0.009914453,ZTF18actxrky
ztf,59031.44726849999,1277447263515015000,2,1277447263515,20.6218,1,1277,0.694981,17.2888,17.5258,0.101402,0.0372,327.086932,48.5370171,0.485714,t17_f5_c3,,17.4784,0.0395,,False,True,True,bulk_1.0.0,0.0,1.280370763515015e+18,14.569452,100.0,0.0082852915,ZTF18actxrky
ztf,59034.370763900224,1280370763515015000,2,1280370763515,19.89847,1,1280,0.73562765,17.471876,17.4401,0.07916518,0.0487,327.086983,48.5370123,0.80857146,t17_f5_c3,0.9248363,17.4329,0.0579,769120235.0,True,True,True,bulk_1.0.0,0.0,0.0,14.583306,100.0,0.005534854,ZTF18actxrky
ztf,59062.29749999987,1308297503515010001,2,1308297503515,20.0191,-1,1308,0.199266,17.1237,17.2608,0.092683,0.0381,327.0868327,48.5372515,0.711429,t17_f5_c3,,17.273,0.046,,False,True,True,bulk_1.0.0,0.0,1.338224184615015e+18,14.780734,100.0,0.010710602,ZTF18actxrky
ztf,59062.42922449997,1308429224615010001,1,1308429224615,20.1947,-1,1308,0.299731,18.5595,18.6674,0.091265,0.1049,327.0868444,48.5372831,0.84,t17_f5_c3,,18.6934,0.1324,,False,True,False,bulk_1.0.0,0.0,1.338224184615015e+18,15.966335,100.0,0.008376034,ZTF18actxrky
ztf,59065.428368099965,1311428363515010000,2,1311428363515,19.665,-1,1311,0.338286,17.3617,17.5032,0.099405,0.0599,327.0869312,48.5372995,0.781429,t17_f5_c3,,17.5745,0.0786,,False,True,True,bulk_1.0.0,0.0,1.338224184615015e+18,14.756312,100.0,0.009020968,ZTF18actxrky
ztf,59065.438750000205,1311438754615010000,2,1311438754615,19.5946,-1,1311,0.352466,17.4957,17.6705,0.137453,0.0719,327.0868144,48.5372999,0.617143,t17_f5_c3,,17.7588,0.0959,,False,True,True,bulk_1.0.0,0.0,1.338224184615015e+18,14.763293,100.0,0.011096633,ZTF18actxrky
ztf,59067.338935200125,1313338933515010000,1,1313338933515,19.876,-1,1313,0.896775,18.5929,18.9408,0.203726,0.1679,327.0865373,48.537117,0.405714,t17_f5_c3,,19.0943,0.2422,,False,True,False,bulk_1.0.0,0.0,1.338224184615015e+18,15.952437,100.0,0.017900357,ZTF18actxrky
ztf,59068.3376042,1314337603515010000,2,1314337603515,20.3483,-1,1314,0.406147,17.6035,17.7452,0.136512,0.0503,327.0867868,48.5371112,0.521429,t17_f5_c3,,17.7518,0.0586,,False,True,True,bulk_1.0.0,0.0,1.338224184615015e+18,14.736817,100.0,0.00973862,ZTF18actxrky
ztf,59074.469976900145,1320469974615015062,1,1320469974615,19.3197,1,1320,0.616568,18.2676,18.0183,0.174052,0.1291,327.0869595,48.5370404,0.515714,t17_f5_c3,,17.9467,0.1513,,False,True,False,bulk_1.0.0,0.0,1.338224184615015e+18,15.757701,0.010716795,0.017247245,ZTF18actxrky
ztf,59089.269594899844,1335269594615015007,1,1335269594615,19.9402,1,1335,0.31586,18.633,18.6147,0.11927,0.1184,327.086742,48.5371723,0.91,t17_f5_c3,,18.5812,0.1423,,False,True,False,bulk_1.0.0,0.0,1.359287654615015e+18,15.78889,100.0,0.00868735,ZTF18actxrky
ztf,59091.249259300064,1337249253515015001,1,1337249253515,19.9276,1,1337,0.456345,18.5444,18.6583,0.134472,0.123,327.0868867,48.5370887,0.674286,t17_f5_c3,,18.647,0.1513,,False,True,False,bulk_1.0.0,0.0,1.359287654615015e+18,15.772968,100.0,0.01047272,ZTF18actxrky
ztf,59091.24973380007,1337249734615015003,1,1337249734615,20.1243,1,1337,0.662793,18.2774,18.4583,0.171977,0.0924,327.0869365,48.5370202,0.477143,t17_f5_c3,,18.399,0.1081,,False,True,False,bulk_1.0.0,0.0,1.359287654615015e+18,15.758668,0.010138376,0.016903551,ZTF18actxrky
ztf,59092.22418980021,1338224184615015005,2,1338224184615,20.156124,1,1338,1.1194097,17.426895,17.5947,0.199415,0.0503,327.0870949,48.5369345,0.39857143,t17_f5_c3,0.04087183,17.5918,0.059,770120246.0,False,True,True,bulk_1.0.0,0.0,1.359287654615015e+18,14.595856,100.0,0.014700838,ZTF18actxrky
ztf,59093.43222220009,1339432224615015000,1,1339432224615,19.4503,1,1339,0.462799,18.5358,18.5691,0.114086,0.1732,327.0870143,48.5371185,0.94,t17_f5_c3,,18.4954,0.205,,False,True,False,bulk_1.0.0,0.0,1.359287654615015e+18,15.781508,100.0,0.0090264175,ZTF18actxrky
ztf,59095.285763899796,1341285763515015000,1,1341285763515,19.5714,1,1341,0.555854,18.5336,18.6893,0.136182,0.175,327.0867703,48.5370806,0.844286,t17_f5_c3,,18.7149,0.2262,,False,True,False,bulk_1.0.0,0.0,1.359287654615015e+18,15.772123,100.0,0.010703581,ZTF18actxrky
ztf,59095.41681709979,1341416814615015001,2,1341416814615,19.716097,1,1341,0.7832923,17.52842,17.4861,0.11050576,0.0598,327.0870395,48.5370214,0.79285717,t17_f5_c3,0.84268105,17.4833,0.0724,770120246.0,False,True,True,bulk_1.0.0,0.0,1.359287654615015e+18,14.6030245,100.0,0.007468389,ZTF18actxrky
ztf,59097.34421300003,1343344213515015002,1,1343344213515,19.5775,1,1343,0.720338,18.2444,18.5759,0.098789,0.1411,327.0867409,48.5370379,0.832857,t17_f5_c3,,18.7216,0.2028,,False,True,False,bulk_1.0.0,0.0,1.359287654615015e+18,15.746386,100.0,0.0098969815,ZTF18actxrky
ztf,59106.22107640002,1352221073515015001,2,1352221073515,20.0725,1,1352,0.084669,17.2287,17.2232,0.111865,0.0396,327.0869088,48.5371898,0.662857,t17_f5_c3,,17.1605,0.0429,,False,True,True,bulk_1.0.0,0.0,1.359287654615015e+18,14.564415,100.0,0.009615681,ZTF18actxrky
ztf,59106.28540509986,1352285404615015002,1,1352285404615,20.0746,1,1352,0.191754,18.0754,18.1165,0.092225,0.0762,327.0868186,48.5371579,0.901429,t17_f5_c3,,18.0347,0.0844,,False,True,False,bulk_1.0.0,0.0,1.359287654615015e+18,15.737062,100.0,0.010703211,ZTF18actxrky
ztf,59106.34584489977,1352345844615015002,2,1352345844615,19.8954,1,1352,0.940042,17.3945,17.33,0.185924,0.0477,327.0866193,48.5369922,0.364286,t17_f5_c3,,17.3117,0.0546,,False,True,True,bulk_1.0.0,0.0,1.359287654615015e+18,14.593434,100.0,0.014089933,ZTF18actxrky
ztf,59109.17659719987,1355176593515015001,2,1355176593515,20.0082,1,1355,0.454801,17.0497,17.2179,0.091843,0.0368,327.0870175,48.5371177,0.672857,t17_f5_c3,,17.1392,0.0397,,False,True,True,bulk_1.0.0,0.0,1.359287654615015e+18,14.547815,100.0,0.009168372,ZTF18actxrky
ztf,59109.21929399995,1355219293515015000,1,1355219293515,20.2606,1,1355,0.56506,18.244,18.2121,0.110827,0.0648,327.0870645,48.5371028,0.58,t17_f5_c3,,18.1859,0.0751,,False,True,False,bulk_1.0.0,0.0,1.359287654615015e+18,15.7463455,100.0,0.011106672,ZTF18actxrky
ztf,59109.3015509001,1355301554615015004,1,1355301554615,20.6636,1,1355,0.504657,18.1113,18.0786,0.083679,0.0513,327.086875,48.5370589,0.895714,t17_f5_c3,,18.0792,0.0589,,False,True,False,bulk_1.0.0,0.0,1.359287654615015e+18,15.741169,100.0,0.0094311405,ZTF18actxrky
ztf,59113.28765049996,1359287654615015003,2,1359287654615,20.348293,1,1359,0.7015121,17.580103,17.547,0.16588698,0.0431,327.0870657,48.5370624,0.70285714,t17_f5_c3,0.97109264,17.4982,0.0467,770120246.0,False,True,True,bulk_1.0.0,0.0,1.362237254615015e+18,14.6064415,100.0,0.0107237715,ZTF18actxrky
ztf,59116.23725689994,1362237254615015004,1,1362237254615,20.719376,1,1362,0.8410943,18.559942,18.5498,0.17953385,0.0721,327.0871604,48.5370719,0.6585714,t17_f5_c3,0.9871011,18.5644,0.0854,770120146.0,True,True,False,bulk_1.0.0,0.0,0.0,15.783399,0.0014823793,0.01391646,ZTF18actxrky
ztf,59146.17709490005,1392177093515010001,2,1392177093515,19.1465,-1,1392,0.292384,17.2818,17.3753,0.179109,0.0916,327.0869478,48.5371392,0.488571,t17_f5_c3,,17.3856,0.1151,,False,True,True,bulk_1.0.0,0.0,1.417118094615015e+18,14.763863,0.0012395141,0.017617445,ZTF18actxrky
ztf,59167.18317130022,1413183174615015005,1,1413183174615,20.0013,1,1413,0.250331,18.4974,18.5416,0.115264,0.077,327.0868172,48.5372633,0.785714,t17_f5_c3,,18.4731,0.087,,False,True,False,bulk_1.0.0,0.0,1.417118094615015e+18,15.77842,100.0,0.009421103,ZTF18actxrky
ztf,59167.19826389989,1413198263515015001,2,1413198263515,20.5257,1,1413,0.499433,17.9869,17.7922,0.13995,0.0492,327.0868316,48.5370722,0.704286,t17_f5_c3,,17.7306,0.0524,,False,True,True,bulk_1.0.0,0.0,1.417118094615015e+18,14.612364,100.0,0.0062540043,ZTF18actxrky
ztf,59169.17812500009,1415178124615015005,2,1415178124615,19.8919,1,1415,0.350285,17.7013,17.7207,0.118615,0.0561,327.0869708,48.5371386,0.638571,t17_f5_c3,,17.6363,0.0614,,False,True,True,bulk_1.0.0,0.0,1.417118094615015e+18,14.61388,100.0,0.006905127,ZTF18actxrky
ztf,59169.21811340004,1415218114615015002,1,1415218114615,20.2381,1,1415,0.602106,18.5863,18.4927,0.141967,0.0786,327.0867224,48.5370644,0.841429,t17_f5_c3,,18.5247,0.0979,,False,True,False,bulk_1.0.0,0.0,1.417118094615015e+18,15.785419,100.0,0.01076057,ZTF18actxrky
ztf,59171.11809029989,1417118094615015003,2,1417118094615,20.664305,1,1417,0.88846016,17.540022,17.6004,0.1258585,0.0402,327.0870862,48.5370058,0.5714286,t17_f5_c3,0.6370653,17.5634,0.0429,770120246.0,True,True,True,bulk_1.0.0,0.0,0.0,14.603805,100.0,0.008421621,ZTF18actxrky
ztf,59315.46844909992,1561468443515015010,1,1561468443515,20.107649,1,1561,0.8290563,18.624157,18.477,0.10034362,0.0982,327.0870159,48.5369984,0.5957143,t17_f5_c3,0.7486117,18.559,0.1281,769120135.0,True,True,False,correction_0.0.1,0.0,,15.778974,100.0,0.007301574,ZTF18actxrky
ztf,59322.45140049979,1568451403515015001,1,1568451403515,20.0287,1,1568,0.623418,18.8273,18.6298,0.173421,0.1006,327.0871517,48.5372014,0.64,t17_f5_c3,,18.5834,0.117,,False,True,False,correction_0.0.1,0.0,,15.79254,100.0,0.010597363,ZTF18actxrky
ztf,59322.45374999987,1568453754615015000,1,1568453754615,20.0446,1,1568,0.52153,18.2657,18.4099,0.139539,0.0827,327.0870881,48.5372059,0.837143,t17_f5_c3,,18.3709,0.0969,,False,True,False,correction_0.0.1,0.0,,15.757512,0.0030401608,0.013849077,ZTF18actxrky
ztf,59325.445983800106,1571445983515015000,1,1571445983515,19.9679,1,1571,0.827746,18.2807,18.3722,0.154596,0.0711,327.0872274,48.5372733,0.692857,t17_f5_c3,,18.3103,0.0804,,False,True,False,correction_0.0.1,0.0,,15.749968,100.0,0.015028138,ZTF18actxrky
ztf,59325.48501159996,1571485013515015001,2,1571485013515,19.701822,1,1571,1.173954,17.719795,17.4222,0.13933969,0.039,327.0871554,48.536935,0.42571428,t17_f5_c3,0.5143168,17.3025,0.0405,769120235.0,True,True,True,correction_0.0.1,0.0,,14.598914,100.0,0.007865431,ZTF18actxrky
ztf,59334.466805600096,1580466803515015001,1,1580466803515,19.559,1,1580,0.54782,18.1582,18.1003,0.084944,0.0916,327.0868879,48.5370615,0.947143,t17_f5_c3,,18.109,0.1157,,False,True,False,correction_0.0.1,0.0,,15.737434,100.0,0.009137488,ZTF18actxrky
ztf,59337.424097199924,1583424093515015000,1,1583424093515,19.283,1,1583,1.53934,18.2177,18.1615,0.164614,0.0811,327.087521,48.5373237,0.522857,t17_f5_c3,,18.2001,0.1042,,False,False,True,correction_0.0.1,0.0,,,,,ZTF18actxrky
ztf,59337.470324099995,1583470323515015001,2,1583470323515,19.9313,1,1583,0.266753,17.202,17.2165,0.091137,0.0378,327.0869962,48.5371983,0.878571,t17_f5_c3,,17.1907,0.0436,,False,True,True,correction_0.0.1,0.0,,14.562094,100.0,0.008011844,ZTF18actxrky
ztf,59339.430370400194,1585430373515015000,1,1585430373515,20.5696,1,1585,0.584403,18.3863,18.2301,0.152964,0.058,327.0870636,48.5370974,0.471429,t17_f5_c3,,18.2823,0.0714,,False,True,False,correction_0.0.1,0.0,,15.759794,100.0,0.013614045,ZTF18actxrky
ztf,59341.45767359994,1587457673515015001,2,1587457673515,19.9719,1,1587,0.894783,17.4872,17.3325,0.075916,0.0381,327.0872406,48.5372986,0.75,t17_f5_c3,,17.297,0.0428,,False,True,True,correction_0.0.1,0.0,,14.584371,100.0,0.0052384348,ZTF18actxrky
ztf,59341.46853009984,1587468533515015008,1,1587468533515,20.0426,1,1587,0.240906,18.0909,18.3133,0.128038,0.0597,327.0867863,48.5372035,0.485714,t17_f5_c3,,18.2159,0.0649,,False,True,False,correction_0.0.1,0.0,,15.729992,100.0,0.014553767,ZTF18actxrky
ztf,59344.46266200021,1590462663515015000,1,1590462663515,20.634695,1,1590,0.71793675,18.684961,18.8363,0.17493853,0.092,327.0871674,48.5371353,0.38857144,t17_f5_c3,0.7520877,18.7949,0.1033,769120135.0,True,True,False,correction_0.0.1,0.0,,15.783285,100.0,0.01208412,ZTF18actxrky
ztf,59378.43012729986,1624430124615015003,1,1624430124615,20.727299,1,1624,0.71990764,18.762392,18.7703,0.12875041,0.0813,327.0870905,48.537067,0.81714284,t17_f5_c3,0.9986982,18.7367,0.0923,770120146.0,True,True,False,correction_0.0.1,0.0,,15.797811,100.0,0.008392974,ZTF18actxrky
ztf,59399.41468749987,1645414684615015009,1,1645414684615,20.8225,1,1645,0.26433,17.9797,18.0957,0.06574,0.0458,327.0868656,48.5371276,0.812857,t17_f5_c3,,18.095,0.0525,,False,True,False,correction_0.0.1,0.0,,15.725513,100.0,0.008244327,ZTF18actxrky
ztf,59401.40413190005,1647404134615015002,1,1647404134615,20.6117,1,1647,0.357186,18.1073,18.2269,0.077567,0.0519,327.0868319,48.537105,0.824286,t17_f5_c3,,18.2515,0.0623,,False,True,False,correction_0.0.1,0.0,,15.740717,100.0,0.008770898,ZTF18actxrky
ztf,59401.404606500175,1647404603515015003,1,1647404603515,20.4006,1,1647,0.370089,18.4429,18.3359,0.162249,0.0609,327.0869926,48.5371346,0.564286,t17_f5_c3,,18.2945,0.0694,,False,True,False,correction_0.0.1,0.0,,15.764713,100.0,0.013769166,ZTF18actxrky
ztf,59401.42629629979,1647426293515015001,2,1647426293515,20.6051,1,1647,0.248546,17.3177,17.3418,0.044847,0.032,327.0869304,48.5371485,0.735714,t17_f5_c3,,17.3404,0.0354,,False,True,True,correction_0.0.1,0.0,,14.571785,100.0,0.0035757544,ZTF18actxrky
ztf,59401.42629629979,1647426293515015002,2,1647426293515,20.6051,1,1647,0.445457,17.2119,17.4027,0.08866,0.032,327.0869583,48.5370961,0.722857,t17_f5_c3,,17.3856,0.0358,,False,True,True,correction_0.0.1,0.0,,14.562961,100.0,0.007729507,ZTF18actxrky
ztf,59403.38599540014,1649385994615015003,1,1649385994615,20.7808,1,1649,0.059834,17.9077,18.012,0.058153,0.0427,327.0868705,48.5371856,0.875714,t17_f5_c3,,18.0619,0.0511,,False,True,False,correction_0.0.1,0.0,,15.716218,100.0,0.007726443,ZTF18actxrky
ztf,59403.43024310004,1649430244615015007,2,1649430244615,20.8477,1,1649,0.591764,17.2859,17.246,0.235116,0.0288,327.0870212,48.5370761,0.56,t17_f5_c3,,17.2272,0.0306,,False,True,True,correction_0.0.1,0.0,,14.584813,100.0,0.019536525,ZTF18actxrky
ztf,59406.38245370006,1652382454615015003,1,1652382454615,20.8066,1,1652,0.230237,17.8341,17.9472,0.090299,0.041,327.0868627,48.5371384,0.777143,t17_f5_c3,,17.8944,0.0447,,False,True,False,correction_0.0.1,0.0,,15.706147,100.0,0.012720426,ZTF18actxrky
ztf,59408.391354199965,1654391353515015001,1,1654391353515,20.597143,1,1654,0.7165713,18.133749,18.0272,0.12596254,0.0501,327.0870156,48.5370305,0.66,t17_f5_c3,0.89061964,18.0055,0.0569,769120135.0,True,True,False,correction_0.0.1,0.0,,15.734777,100.0,0.013824612,ZTF18actxrky
ztf,59408.39181709988,1654391814615015003,1,1654391814615,20.8109,1,1654,0.315257,17.8531,18.038,0.080475,0.0458,327.08685,48.5371134,0.748571,t17_f5_c3,,18.0131,0.051,,False,True,False,correction_0.0.1,0.0,,15.708804,100.0,0.0111671565,ZTF18actxrky
ztf,59410.402962999884,1656402963515015001,2,1656402963515,20.5641,1,1656,0.660998,17.2944,17.2667,0.047695,0.0325,327.0868194,48.5370283,0.72,t17_f5_c3,,17.2493,0.0355,,False,True,True,correction_0.0.1,0.0,,14.569909,100.0,0.0038786153,ZTF18actxrky
ztf,59410.402962999884,1656402963515015002,2,1656402963515,20.5641,1,1656,0.747518,17.2339,17.4936,0.048895,0.0368,327.0869113,48.5370002,0.67,t17_f5_c3,,17.4476,0.0402,,False,True,True,correction_0.0.1,0.0,,14.564861,100.0,0.004184551,ZTF18actxrky
ztf,59410.425439800136,1656425434615015003,2,1656425434615,20.6211,1,1656,0.527711,16.9189,17.0955,0.076786,0.0279,327.0869013,48.5370579,0.727143,t17_f5_c3,,17.0861,0.0302,,False,True,True,correction_0.0.1,0.0,,14.549124,100.0,0.008657084,ZTF18actxrky
ztf,59410.45025460003,1656450254615015004,1,1656450254615,20.7723,1,1656,0.232037,17.9733,18.0202,0.09129,0.0447,327.0868676,48.5371378,0.881429,t17_f5_c3,,18.0523,0.0526,,False,True,False,correction_0.0.1,0.0,,15.7247095,100.0,0.011507648,ZTF18actxrky
ztf,59412.400914399885,1658400913515015002,2,1658400913515,20.4706,1,1658,0.463608,17.3608,17.2784,0.110632,0.033,327.0870096,48.5371093,0.728571,t17_f5_c3,,17.2162,0.035,,False,True,True,correction_0.0.1,0.0,,14.57516,100.0,0.008504028,ZTF18actxrky
ztf,59415.40652780002,1661406523515015003,2,1661406523515,20.726622,1,1661,0.85378987,17.680302,17.4781,0.08692378,0.0364,327.0872282,48.5371416,0.5314286,t17_f5_c3,0.8506708,17.4393,0.0385,769120235.0,True,True,True,correction_0.0.1,0.0,,14.596646,100.0,0.0050778105,ZTF18actxrky
ztf,59461.24653939996,1707246534615015002,1,1707246534615,20.8866,1,1707,0.289645,18.6361,18.837,0.120795,0.082,327.0867612,48.5371614,0.75,t17_f5_c3,,18.7487,0.0872,,False,True,False,correction_1.0.6,0.0,1.735267903515015e+18,15.789115,100.0,0.008775154,ZTF18actxrky
ztf,59463.26379630016,1709263793515015004,2,1709263793515,20.6683,1,1709,1.02192,18.0509,18.0417,0.172312,0.0588,327.0872816,48.5370911,0.37,t17_f5_c3,,18.0225,0.0652,,False,True,True,correction_1.0.6,0.0,1.735267903515015e+18,14.615145,100.0,0.0072780238,ZTF18actxrky
ztf,59467.22135420004,1713221354615015007,1,1713221354615,20.7718,1,1713,0.55735,18.3748,18.4409,0.151369,0.0648,327.0869647,48.5370583,0.714286,t17_f5_c3,,18.3888,0.0714,,False,True,False,correction_1.0.6,0.0,1.735267903515015e+18,15.767863,0.0014458153,0.013717105,ZTF18actxrky
ztf,59471.28635419998,1717286354615015005,1,1717286354615,20.719,1,1717,0.210731,18.2684,18.3372,0.086556,0.0604,327.0869108,48.537151,0.888571,t17_f5_c3,,18.3519,0.0709,,False,True,False,correction_1.0.6,0.0,1.735267903515015e+18,15.75778,100.0,0.008571349,ZTF18actxrky
ztf,59473.393044000026,1719393044615015002,1,1719393044615,20.8107,1,1719,0.267405,18.0776,18.1631,0.092992,0.0471,327.0868236,48.5371335,0.901429,t17_f5_c3,,18.1517,0.0537,,False,True,False,correction_1.0.6,0.0,1.735267903515015e+18,15.737318,100.0,0.010772901,ZTF18actxrky
ztf,59473.43024310004,1719430244615015003,2,1719430244615,19.9684,1,1719,0.462671,17.233,17.2583,0.158499,0.0366,327.0866656,48.5372361,0.537143,t17_f5_c3,,17.2243,0.0413,,False,True,True,correction_1.0.6,0.0,1.735267903515015e+18,14.5803175,100.0,0.013770628,ZTF18actxrky
ztf,59476.25668979995,1722256684615015000,1,1722256684615,19.9467,1,1722,0.476465,18.0568,18.1058,0.08034,0.0796,327.0869198,48.5370709,0.821429,t17_f5_c3,,18.1517,0.1034,,False,True,False,correction_1.0.6,0.0,1.735267903515015e+18,15.734888,100.0,0.009466004,ZTF18actxrky
ztf,59476.30744209979,1722307443515015003,2,1722307443515,19.8524,1,1722,0.415196,17.1987,17.3616,0.139653,0.0469,327.0867126,48.5371857,0.481429,t17_f5_c3,,17.3159,0.0541,,False,True,True,correction_1.0.6,0.0,1.735267903515015e+18,14.561804,100.0,0.012310954,ZTF18actxrky
ztf,59478.21879629977,1724218793515015001,2,1724218793515,19.6301,1,1724,0.172189,17.2791,17.2833,0.142885,0.0502,327.0868292,48.5372375,0.454286,t17_f5_c3,,17.2371,0.0588,,False,True,True,correction_1.0.6,0.0,1.735267903515015e+18,14.568657,100.0,0.011770886,ZTF18actxrky
ztf,59478.30579859996,1724305793515015000,1,1724305793515,19.1448,1,1724,0.441114,18.1772,18.1514,0.143911,0.1318,327.0867111,48.5371737,0.867143,t17_f5_c3,,18.2976,0.1914,,False,True,False,correction_1.0.6,0.0,1.735267903515015e+18,15.739463,100.0,0.01524049,ZTF18actxrky
ztf,59478.32874999987,1724328754615015000,1,1724328754615,19.312,1,1724,0.893594,18.0424,18.1782,0.093551,0.1281,327.086516,48.5371228,0.891429,t17_f5_c3,,18.1017,0.1515,,False,True,False,correction_1.0.6,0.0,1.735267903515015e+18,15.733181,100.0,0.011152207,ZTF18actxrky
ztf,59480.2053704001,1726205373515015000,2,1726205373515,19.9986,1,1726,0.311361,17.1472,17.3775,0.197075,0.0442,327.086805,48.5371403,0.4,t17_f5_c3,,17.3612,0.0517,,False,True,True,correction_1.0.6,0.0,1.735267903515015e+18,14.557164,0.010862139,0.018139167,ZTF18actxrky
ztf,59480.330844900105,1726330843515015002,1,1726330843515,19.7334,1,1726,0.328652,18.0659,18.04,0.105132,0.0862,327.086837,48.5371272,0.892857,t17_f5_c3,,18.0482,0.1089,,False,True,False,correction_1.0.6,0.0,1.735267903515015e+18,15.72712,100.0,0.012196155,ZTF18actxrky
ztf,59485.26309029991,1731263093515015000,1,1731263093515,20.2961,1,1731,0.407794,18.2082,18.0501,0.109101,0.0581,327.0869057,48.5371024,0.752857,t17_f5_c3,,18.0495,0.0691,,False,True,False,correction_1.0.6,0.0,1.735267903515015e+18,15.742704,100.0,0.01126238,ZTF18actxrky
ztf,59485.264039400034,1731264034615015000,1,1731264034615,20.3167,1,1731,0.261589,18.1939,18.1647,0.148927,0.0648,327.0867725,48.5371602,0.837143,t17_f5_c3,,18.1238,0.0744,,False,True,False,correction_1.0.6,0.0,1.735267903515015e+18,15.750171,0.008118761,0.015684906,ZTF18actxrky
ztf,59487.22445600014,1733224453515015003,1,1733224453515,20.7482,1,1733,0.480358,18.2736,18.2953,0.110645,0.0549,327.0869222,48.5370813,0.73,t17_f5_c3,,18.2275,0.0599,,False,True,False,correction_1.0.6,0.0,1.735267903515015e+18,15.749275,100.0,0.010819376,ZTF18actxrky
ztf,59487.2254050998,1733225404615015005,1,1733225404615,20.5378,1,1733,0.560288,18.2051,18.1129,0.07642,0.051,327.0868024,48.5370485,0.925714,t17_f5_c3,,18.0514,0.0568,,False,True,False,correction_1.0.6,0.0,1.735267903515015e+18,15.751345,100.0,0.0079745315,ZTF18actxrky
ztf,59487.24526620004,1733245263515015002,2,1733245263515,20.3632,1,1733,0.311314,17.2532,17.2526,0.106581,0.0326,327.0869544,48.5371371,0.798571,t17_f5_c3,,17.2098,0.0357,,False,True,True,correction_1.0.6,0.0,1.735267903515015e+18,14.5665,100.0,0.008974276,ZTF18actxrky
ztf,59487.24621530017,1733246214615015001,2,1733246214615,20.2078,1,1733,0.472669,17.242,17.2083,0.075838,0.0332,327.0870448,48.5372513,0.837143,t17_f5_c3,,17.1885,0.0374,,False,True,True,correction_1.0.6,0.0,1.735267903515015e+18,14.581097,100.0,0.006539211,ZTF18actxrky
ztf,59489.24480320001,1735244804615015004,1,1735244804615,20.5828,1,1735,0.490874,18.008,18.1623,0.098258,0.0527,327.0868254,48.5370658,0.892857,t17_f5_c3,,18.1773,0.0627,,False,True,False,correction_1.0.6,0.0,1.735267903515015e+18,15.729023,100.0,0.01204418,ZTF18actxrky
ztf,59489.26790509978,1735267903515015001,2,1735267903515,20.610817,1,1735,0.9683836,17.577312,17.5498,0.17357053,0.0396,327.0870339,48.5369556,0.40857142,t17_f5_c3,0.9053026,17.4855,0.0416,769120235.0,True,True,True,correction_1.0.6,0.0,,14.590354,100.0,0.011083898,ZTF18actxrky
ztf,59676.48960650014,1922489604615015001,2,1922489604615,19.171654,1,1922,1.0303497,17.452072,17.6453,0.12548734,0.0587,327.0870828,48.5369574,0.5442857,t17_f5_c3,0.58063304,17.5769,0.066,770120246.0,True,True,True,correction_1.0.6,0.0,,14.5976925,100.0,0.009054154,ZTF18actxrky
ztf,59684.42942130007,1930429423515015000,2,1930429423515,18.8096,1,1930,0.475018,17.426,17.429,0.120445,0.0776,327.0869607,48.5370864,0.608571,t17_f5_c3,,17.3947,0.094,,False,True,True,correction_1.0.6,0.0,1.940475703515015e+18,14.580035,100.0,0.00875795,ZTF18actxrky
ztf,59687.48473379994,1933484734615015002,2,1933484734615,19.4266,1,1933,0.528863,17.393,17.3022,0.074653,0.0551,327.087045,48.5371212,0.875714,t17_f5_c3,,17.2487,0.0643,,False,True,True,correction_1.0.6,0.0,1.940475703515015e+18,14.593321,100.0,0.0056646834,ZTF18actxrky
ztf,59687.485671299975,1933485673515015000,2,1933485673515,19.5144,1,1933,0.308901,17.5265,17.3273,0.136314,0.0542,327.08695,48.5371328,0.78,t17_f5_c3,,17.3109,0.0655,,False,True,True,correction_1.0.6,0.0,1.940475703515015e+18,14.587037,100.0,0.009094001,ZTF18actxrky
ztf,59690.44829860004,1936448294615015001,1,1936448294615,19.4606,1,1936,0.470802,17.9963,18.0665,0.091301,0.0935,327.0869907,48.5371011,0.924286,t17_f5_c3,,18.0429,0.1146,,False,True,False,correction_1.0.6,0.0,1.940475703515015e+18,15.727582,100.0,0.011297656,ZTF18actxrky
ztf,59690.45160879986,1936451603515015000,1,1936451603515,19.192,1,1936,0.443206,17.9445,18.0548,0.101931,0.0948,327.0869935,48.5371142,0.914286,t17_f5_c3,,18.1816,0.1338,,False,True,False,correction_1.0.6,0.0,1.940475703515015e+18,15.712321,100.0,0.01304472,ZTF18actxrky
ztf,59690.47511570016,1936475113515015001,2,1936475113515,19.7982,1,1936,0.176993,17.4352,17.3518,0.123673,0.0474,327.0869097,48.5371612,0.778571,t17_f5_c3,,17.2778,0.0531,,False,True,True,correction_1.0.6,0.0,1.940475703515015e+18,14.580701,100.0,0.008922271,ZTF18actxrky
ztf,59690.48140050005,1936481404615015001,2,1936481404615,19.9038,1,1936,0.528486,17.1811,17.2121,0.09446,0.0404,327.0870526,48.537131,0.844286,t17_f5_c3,,17.1741,0.0462,,False,True,True,correction_1.0.6,0.0,1.940475703515015e+18,14.575709,100.0,0.008572179,ZTF18actxrky
ztf,59694.45366899995,1940453663515015004,1,1940453663515,19.2503,1,1940,0.224961,17.2846,17.813,0.126332,0.0578,327.0869427,48.5372673,0.631429,t17_f5_c3,,17.8663,0.0746,,False,True,False,correction_1.0.6,0.0,1.940475703515015e+18,15.601917,0.021109637,0.02681888,ZTF18actxrky
ztf,59694.47570599988,1940475703515015000,2,1940475703515,19.396063,1,1940,1.2121311,17.285995,16.9417,0.08982795,0.0338,327.0873659,48.5370908,0.54714286,t17_f5_c3,0.7688918,16.8834,0.0383,769120235.0,True,True,True,correction_1.0.6,0.0,,14.569223,100.0,0.0073570297,ZTF18actxrky
ztf,59696.42581020016,1942425814615015004,1,1942425814615,20.0973,1,1942,0.24569,17.8839,17.8945,0.104568,0.0512,327.0869056,48.5371399,0.868571,t17_f5_c3,,17.8963,0.0619,,False,True,False,correction_1.0.6,0.0,1.960453313515015e+18,15.713026,0.00568345,0.014159544,ZTF18actxrky
ztf,59696.47189809987,1942471894615015005,2,1942471894615,20.2858,1,1942,0.329975,17.0835,16.973,0.151014,0.0267,327.0868931,48.5371142,0.702857,t17_f5_c3,,16.9356,0.0293,,False,True,True,correction_1.0.6,0.0,1.960453313515015e+18,14.566481,100.0,0.014866529,ZTF18actxrky
ztf,59697.46856479999,1943468563515015001,1,1943468563515,20.5717,1,1943,0.605235,17.9043,17.988,0.10975,0.0451,327.0871116,48.5371315,0.784286,t17_f5_c3,,17.9582,0.0511,,False,True,False,correction_1.0.6,0.0,1.960453313515015e+18,15.707093,100.0,0.014505122,ZTF18actxrky
ztf,59700.428969900124,1946428963515015002,2,1946428963515,19.7362,1,1946,0.572903,16.9149,16.9888,0.086317,0.0313,327.0870769,48.537107,0.74,t17_f5_c3,,16.93,0.035,,False,True,True,correction_1.0.6,0.0,1.960453313515015e+18,14.533581,100.0,0.009628728,ZTF18actxrky
ztf,59700.463148099836,1946463143515015002,1,1946463143515,20.1928,1,1946,0.438372,18.1366,18.0325,0.080086,0.053,327.0870528,48.5371559,0.92,t17_f5_c3,,17.9721,0.0601,,False,True,False,correction_1.0.6,0.0,1.960453313515015e+18,15.73509,100.0,0.008769051,ZTF18actxrky
ztf,59702.433599499986,1948433593515015000,2,1948433593515,19.9635,1,1948,0.501464,16.9876,17.0082,0.067102,0.0296,327.0870848,48.5371672,0.745714,t17_f5_c3,,16.9684,0.0332,,False,True,True,correction_1.0.6,0.0,1.960453313515015e+18,14.541454,100.0,0.0070514255,ZTF18actxrky
ztf,59707.464548599906,1953464544615015002,2,1953464544615,19.8915,1,1953,0.599683,17.1863,17.1858,0.087227,0.0311,327.0871164,48.5371972,0.691429,t17_f5_c3,,17.1293,0.0339,,False,True,True,correction_1.0.6,0.0,1.960453313515015e+18,14.5761795,100.0,0.007881389,ZTF18actxrky
ztf,59708.36672449997,1954366723515015001,2,1954366723515,19.2043,1,1954,0.981166,17.1312,17.2511,0.122205,0.0426,327.0872995,48.5371884,0.518571,t17_f5_c3,,17.1822,0.0481,,False,True,True,correction_1.0.6,0.0,1.960453313515015e+18,14.555682,100.0,0.011399383,ZTF18actxrky
ztf,59710.38763889996,1956387634615015002,2,1956387634615,19.5616,1,1956,0.394344,17.5888,17.4607,0.084043,0.0551,327.0869201,48.53731,0.848571,t17_f5_c3,,17.3932,0.0625,,False,True,True,correction_1.0.6,0.0,1.960453313515015e+18,14.607001,100.0,0.0053923973,ZTF18actxrky
ztf,59710.46642359998,1956466424615015002,1,1956466424615,20.2728,1,1956,0.649171,18.4903,18.4148,0.122345,0.073,327.0868684,48.5370184,0.89,t17_f5_c3,,18.4481,0.0905,,False,True,False,correction_1.0.6,0.0,1.960453313515015e+18,15.777838,100.0,0.010060089,ZTF18actxrky
ztf,59714.45331020001,1960453313515015001,1,1960453313515,19.347118,1,1960,0.9527335,18.78267,18.7206,0.19655666,0.2205,327.0868935,48.5369478,0.68714285,t17_f5_c3,0.8445778,18.6561,0.2637,769120135.0,True,True,False,correction_1.0.6,0.0,,15.789759,100.0,0.012483137,ZTF18actxrky
ztf,59735.45393519988,1981453934615015004,1,1981453934615,20.9551,1,1981,0.213046,18.5119,18.59,0.123691,0.0664,327.0869154,48.5371518,0.815714,t17_f5_c3,,18.5718,0.0741,,False,True,False,1.1.2,0.0,1.996410013515015e+18,15.779598,100.0,0.009986594,ZTF18actxrky
ztf,59738.40707179997,1984407074615015001,1,1984407074615,20.9486,1,1984,0.368328,18.3862,18.4384,0.130092,0.0578,327.0870151,48.5371806,0.827143,t17_f5_c3,,18.4701,0.0677,,False,True,False,1.1.2,0.0,1.996410013515015e+18,15.768891,100.0,0.011676892,ZTF18actxrky
ztf,59740.43334490014,1986433344615015001,1,1986433344615,21.0121,1,1986,0.447213,18.4059,18.5337,0.125284,0.06,327.0867932,48.537088,0.762857,t17_f5_c3,,18.5457,0.0689,,False,True,False,1.1.2,0.0,1.996410013515015e+18,15.770645,100.0,0.011060992,ZTF18actxrky
ztf,59742.45099540008,1988450994615015003,1,1988450994615,20.3282,1,1988,0.229377,18.4141,18.521,0.097106,0.079,327.0868825,48.5371372,0.892857,t17_f5_c3,,18.5241,0.0956,,False,True,False,1.1.2,0.0,1.996410013515015e+18,15.771367,100.0,0.008514371,ZTF18actxrky
ztf,59750.41001159977,1996410013515015001,1,1996410013515,20.329773,1,1996,0.7141009,18.644083,18.3749,0.18622206,0.0728,327.0869796,48.5370251,0.6042857,t17_f5_c3,0.9912528,18.3047,0.0825,769120135.0,True,True,False,1.1.2,0.0,,15.780412,100.0,0.013321787,ZTF18actxrky
ztf,59751.42564810021,1997425644615015004,2,1997425644615,20.56521,1,1997,0.66030496,17.316744,17.3902,0.15187132,0.0344,327.0870287,48.5370579,0.49571428,t17_f5_c3,0.61016965,17.3925,0.0384,770120246.0,True,True,False,1.1.2,0.0,,14.587343,100.0,0.012294627,ZTF18actxrky
ztf,59751.44699069997,1997446994615015000,1,1997446994615,20.6231,1,1997,0.346882,18.4895,18.2616,0.114212,0.0561,327.0867437,48.5372552,0.861429,t17_f5_c3,,18.2109,0.0632,,False,True,False,dev,0.0,2.024390773515015e+18,15.777773,100.0,0.009397681,ZTF18actxrky
ztf,59753.433333300054,1999433334615015001,1,1999433334615,20.869,1,1999,0.270429,18.2733,18.3529,0.133311,0.0548,327.08678,48.5371493,0.861429,t17_f5_c3,,18.3577,0.0633,,False,True,False,dev,0.0,2.024390773515015e+18,15.758265,100.0,0.013147758,ZTF18actxrky
ztf,59756.4499189998,2002449914615015001,1,2002449914615,20.9754,1,2002,0.175323,18.2427,18.3756,0.088287,0.0519,327.0868929,48.5371561,0.86,t17_f5_c3,,18.4281,0.062,,False,True,False,dev,0.0,2.024390773515015e+18,15.755208,100.0,0.008930992,ZTF18actxrky
ztf,59763.34870370012,2009348704615015003,2,2009348704615,20.5398,1,2009,0.235688,17.1465,17.1383,0.108335,0.0276,327.0869254,48.5371587,0.718571,t17_f5_c3,,17.1334,0.0305,,False,True,False,dev,0.0,2.024390773515015e+18,14.572523,100.0,0.010119946,ZTF18actxrky
ztf,59765.40809029993,2011408094615015007,1,2011408094615,21.1052,1,2011,0.275006,18.1101,18.0356,0.117528,0.0373,327.0868273,48.5371277,0.825714,t17_f5_c3,,18.0244,0.0414,,False,True,False,dev,0.0,2.024390773515015e+18,15.741034,100.0,0.013259126,ZTF18actxrky
ztf,59766.40611110022,2012406113515015002,1,2012406113515,20.8907,1,2012,0.557688,18.0612,18.166,0.143401,0.0447,327.0870396,48.5370932,0.525714,t17_f5_c3,,18.1267,0.0494,,False,True,False,dev,0.0,2.024390773515015e+18,15.726574,100.0,0.016699454,ZTF18actxrky
ztf,59768.45864580013,2014458644615015004,1,2014458644615,20.9439,1,2014,0.314325,17.9216,18.0648,0.083562,0.04,327.0867423,48.5371696,0.817143,t17_f5_c3,,18.0799,0.0461,,False,True,False,dev,0.0,2.024390773515015e+18,15.718055,100.0,0.0109797055,ZTF18actxrky
ztf,59769.40429400001,2015404293515015000,1,2015404293515,20.7586,1,2015,0.465151,18.0728,18.0424,0.108087,0.0423,327.0870551,48.537146,0.871429,t17_f5_c3,,17.9789,0.0463,,False,True,False,dev,0.0,2.024390773515015e+18,15.727919,100.0,0.0124687,ZTF18actxrky
ztf,59771.41523149982,2017415234615015004,1,2017415234615,20.5862,1,2017,0.417508,17.9761,18.0288,0.108226,0.046,327.0869296,48.5370917,0.824286,t17_f5_c3,,18.0173,0.0541,,False,True,False,dev,0.0,2.024390773515015e+18,15.725062,0.003649624,0.013611814,ZTF18actxrky
ztf,59771.44586810004,2017445864615015003,1,2017445864615,21.0675,1,2017,0.302315,18.0017,18.0757,0.122086,0.0387,327.086783,48.5371367,0.772857,t17_f5_c3,,18.0682,0.0432,,False,True,False,dev,0.0,2.024390773515015e+18,15.728249,0.0072984067,0.015041305,ZTF18actxrky
ztf,59775.39302079985,2021393023515015000,2,2021393023515,20.1655,1,2021,1.15197,17.3538,17.3704,0.053126,0.042,327.0866017,48.5369449,0.458571,t17_f5_c3,,17.3531,0.0485,,False,True,False,dev,0.0,2.024390773515015e+18,14.57462,100.0,0.0041080443,ZTF18actxrky
ztf,59775.39302079985,2021393023515015001,2,2021393023515,20.1655,1,2021,1.02522,17.598,17.3717,0.291284,0.0402,327.0866813,48.5369543,0.457143,t17_f5_c3,,17.3536,0.0472,,False,True,False,dev,0.0,2.024390773515015e+18,14.591663,0.010438844,0.01827183,ZTF18actxrky
ztf,59775.432534699794,2021432533515015000,2,2021432533515,20.2092,1,2021,1.17268,17.693,17.4902,0.290086,0.0455,327.0865947,48.5369416,0.338571,t17_f5_c3,,17.4931,0.0533,,False,True,False,dev,0.0,2.024390773515015e+18,14.597384,0.007323431,0.016760236,ZTF18actxrky
ztf,59778.390775499865,2024390773515015001,2,2024390773515,20.25886,1,2024,0.8182019,17.232271,17.3535,0.11518433,0.0388,327.087005,48.5369943,0.43285716,t17_f5_c3,0.7331865,17.3805,0.0464,769120235.0,True,True,False,dev,0.0,,14.564722,100.0,0.009871283,ZTF18actxrky
ztf,59794.38415510021,2040384154615015026,1,2040384154615,18.4687,1,2040,0.272287,17.977,18.0324,0.216482,0.292,327.0867484,48.5371775,0.611429,t17_f5_c3,,18.1828,0.4236,,False,True,False,dev,0.0,2.070219064615015e+18,15.725175,0.023838248,0.027207712,ZTF18actxrky
ztf,59795.31960650021,2041319603515015002,1,2041319603515,20.6736,1,2041,0.824227,18.5489,18.6694,0.188384,0.0762,327.0871426,48.5370551,0.317143,t17_f5_c3,,18.6689,0.0891,,False,True,False,dev,0.0,2.070219064615015e+18,15.773318,100.0,0.014615412,ZTF18actxrky
ztf,59797.408171299845,2043408174615015005,1,2043408174615,20.9765,1,2043,0.526606,18.5467,18.6652,0.132442,0.068,327.0869583,48.537068,0.718571,t17_f5_c3,,18.6802,0.0787,,False,True,False,dev,0.0,2.070219064615015e+18,15.782367,100.0,0.010382279,ZTF18actxrky
ztf,59802.43027780019,2048430274615015002,1,2048430274615,19.8661,1,2048,0.501371,18.5639,18.5781,0.102378,0.1305,327.0866535,48.5372006,0.822857,t17_f5_c3,,18.6489,0.1745,,False,True,False,dev,0.0,2.070219064615015e+18,15.783706,100.0,0.007909132,ZTF18actxrky
ztf,59805.41126159998,2051411263515015002,1,2051411263515,19.6874,1,2051,0.734284,18.505,18.6521,0.220851,0.1547,327.0865826,48.5371721,0.35,t17_f5_c3,,18.5951,0.1847,,False,True,False,dev,0.0,2.070219064615015e+18,15.769848,100.0,0.017784387,ZTF18actxrky
ztf,59806.273032399826,2052273034615015002,1,2052273034615,20.01,1,2052,0.25263,18.4048,18.39,0.150857,0.0963,327.0868121,48.5371409,0.732857,t17_f5_c3,,18.5291,0.1358,,False,True,False,dev,0.0,2.070219064615015e+18,15.770548,100.0,0.013331057,ZTF18actxrky
ztf,59807.386724499986,2053386723515015001,1,2053386723515,20.2979,1,2053,1.12235,18.7135,18.5055,0.181012,0.0887,327.0866001,48.5369596,0.46,t17_f5_c3,,18.4912,0.107,,False,True,False,dev,0.0,2.070219064615015e+18,15.785233,100.0,0.01220115,ZTF18actxrky
ztf,59809.28531249985,2055285313515015002,2,2055285313515,20.5579,1,2055,0.38685,17.7899,17.6119,0.178897,0.0424,327.0869219,48.5371039,0.561429,t17_f5_c3,,17.5912,0.0471,,False,True,False,dev,0.0,2.070219064615015e+18,14.602754,100.0,0.009500457,ZTF18actxrky
ztf,59812.28827549983,2058288274615015006,1,2058288274615,21.0667,1,2058,0.287495,18.0015,18.0999,0.102162,0.041,327.0867641,48.5371536,0.78,t17_f5_c3,,18.109,0.0463,,False,True,False,dev,0.0,2.070219064615015e+18,15.728224,100.0,0.012588653,ZTF18actxrky
ztf,59812.320416700095,2058320414615015002,2,2058320414615,20.8715,1,2058,0.591066,17.2858,17.3291,0.174905,0.0305,327.0870828,48.5371312,0.622857,t17_f5_c3,,17.3284,0.0329,,False,True,False,dev,0.0,2.070219064615015e+18,14.584805,100.0,0.014534622,ZTF18actxrky
ztf,59813.315277799964,2059315273515015001,1,2059315273515,20.7353,1,2059,0.451522,18.2552,18.2425,0.08948,0.0513,327.0870791,48.5372004,0.901429,t17_f5_c3,,18.2671,0.0607,,False,True,False,dev,0.0,2.070219064615015e+18,15.747462,100.0,0.008884463,ZTF18actxrky
ztf,59817.30004630005,2063300043515015005,1,2063300043515,20.893,1,2063,0.624875,18.4254,18.2255,0.132153,0.049,327.0870037,48.5370582,0.762857,t17_f5_c3,,18.1815,0.0538,,False,True,False,dev,0.0,2.070219064615015e+18,15.763218,100.0,0.0113816215,ZTF18actxrky
ztf,59820.27998840017,2066279984615015006,1,2066279984615,21.0158,1,2066,0.373352,18.1913,18.2675,0.119559,0.0479,327.0868899,48.5370952,0.812857,t17_f5_c3,,18.239,0.0528,,False,True,False,dev,0.0,2.070219064615015e+18,15.749896,100.0,0.012618884,ZTF18actxrky
ztf,59822.32701390004,2068327014615015001,1,2068327014615,20.6052,1,2068,0.450186,18.2799,18.2716,0.096944,0.0554,327.0867251,48.5371146,0.898571,t17_f5_c3,,18.2349,0.0627,,False,True,False,dev,0.0,2.070219064615015e+18,15.758913,100.0,0.0095088165,ZTF18actxrky
ztf,59823.32820599992,2069328203515015001,1,2069328203515,20.6181,1,2069,0.609951,18.5037,18.4092,0.132679,0.0621,327.0868424,48.5370462,0.817143,t17_f5_c3,,18.4073,0.0727,,False,True,False,dev,0.0,2.070219064615015e+18,15.769743,100.0,0.010695951,ZTF18actxrky
ztf,59823.33672450017,2069336723515015002,2,2069336723515,20.2373,1,2069,0.548446,17.3608,17.3114,0.058232,0.0342,327.0870384,48.5370896,0.812857,t17_f5_c3,,17.271,0.0377,,False,True,False,dev,0.0,2.070219064615015e+18,14.57516,100.0,0.00447616,ZTF18actxrky
ztf,59824.21906250017,2070219064615015004,1,2070219064615,20.914682,1,2070,0.7434476,18.177172,18.2731,0.18389517,0.0493,327.0870429,48.5370267,0.56,t17_f5_c3,0.8634956,18.23,0.0543,770120146.0,True,True,False,dev,0.0,,15.748396,0.014355144,0.019636309,ZTF18actxrky
ztf,59827.27766200015,2073277663515015002,1,2073277663515,20.089823,1,2073,0.84703034,18.635912,18.4866,0.17738445,0.0922,327.0870107,48.5369917,0.44,t17_f5_c3,0.9383303,18.5028,0.1146,769120135.0,True,True,False,dev,0.0,,15.779825,100.0,0.012778524,ZTF18actxrky
ztf,59839.22314810008,2085223144615015004,1,2085223144615,20.8926,1,2085,0.391331,18.0579,18.1163,0.118483,0.0433,327.0868874,48.5370925,0.808571,t17_f5_c3,,18.114,0.0496,,False,True,False,dev,0.0,2.095219973515015e+18,15.735018,0.00440392,0.01394772,ZTF18actxrky
ztf,59839.29019680014,2085290194615015006,1,2085290194615,20.8209,1,2085,0.234011,18.1809,18.18,0.163788,0.0479,327.086964,48.5371929,0.668571,t17_f5_c3,,18.1597,0.0544,,False,True,False,dev,0.0,2.095219973515015e+18,15.748794,0.011151581,0.017435702,ZTF18actxrky
ztf,59840.380891200155,2086380893515015002,1,2086380893515,20.4568,1,2086,0.34825,18.5176,18.3931,0.139794,0.068,327.0868456,48.5371216,0.847143,t17_f5_c3,,18.3662,0.0792,,False,True,False,dev,0.0,2.095219973515015e+18,15.770857,100.0,0.011137605,ZTF18actxrky
ztf,59842.269317099825,2088269313515015001,2,2088269313515,20.5759,1,2088,0.233803,17.5702,17.3413,0.067203,0.0323,327.0869834,48.537223,0.65,t17_f5_c3,,17.3396,0.036,,False,True,False,dev,0.0,2.095219973515015e+18,14.589898,100.0,0.004317854,ZTF18actxrky
ztf,59843.323657399975,2089323654615015002,1,2089323654615,20.9614,1,2089,0.372364,18.1821,18.2681,0.090632,0.0482,327.0867139,48.5371671,0.767143,t17_f5_c3,,18.2686,0.055,,False,True,False,dev,0.0,2.095219973515015e+18,15.748921,100.0,0.009638514,ZTF18actxrky
ztf,59844.23930560006,2090239303515015004,1,2090239303515,20.8405,1,2090,0.288913,18.2735,18.2166,0.153833,0.0481,327.0869788,48.5371605,0.681429,t17_f5_c3,,18.1888,0.0541,,False,True,False,dev,0.0,2.095219973515015e+18,15.749266,100.0,0.015043736,ZTF18actxrky
ztf,59847.23807869991,2093238073515015003,2,2093238073515,20.73,1,2093,0.420194,17.3778,17.4156,0.144993,0.0329,327.0868401,48.5370929,0.574286,t17_f5_c3,,17.3776,0.0354,,False,True,False,dev,0.0,2.095219973515015e+18,14.576457,100.0,0.010985247,ZTF18actxrky
ztf,59847.2861227002,2093286123515015003,1,2093286123515,20.695,1,2093,0.481314,18.421,18.2489,0.115294,0.053,327.0870062,48.5371048,0.81,t17_f5_c3,,18.2183,0.0603,,False,True,False,dev,0.0,2.095219973515015e+18,15.762837,100.0,0.009966486,ZTF18actxrky
ztf,59847.29938660003,2093299384615015001,1,2093299384615,20.8122,1,2093,0.607759,18.0645,18.0617,0.106768,0.0428,327.0866133,48.5372393,0.802857,t17_f5_c3,,18.0496,0.0489,,False,True,False,dev,0.0,2.095219973515015e+18,15.735792,100.0,0.012501374,ZTF18actxrky
ztf,59849.219976900145,2095219973515015002,1,2095219973515,20.67633,1,2095,0.72003067,18.304064,18.1811,0.11165335,0.0506,327.087037,48.5370383,0.62714285,t17_f5_c3,0.9911169,18.1261,0.0562,769120135.0,True,True,False,dev,0.0,,15.752217,100.0,0.010644692,ZTF18actxrky
ztf,59849.22377309995,2095223774615015002,1,2095223774615,20.965,1,2095,0.103856,18.0763,18.1894,0.105876,0.045,327.0868713,48.5371746,0.791429,t17_f5_c3,,18.213,0.0524,,False,True,False,dev,0.0,2.097216414615015e+18,15.737167,100.0,0.0122784795,ZTF18actxrky
ztf,59851.215474499855,2097215473515015004,1,2097215473515,20.8373,1,2097,0.453678,18.2434,18.3022,0.101978,0.0525,327.0869686,48.5370998,0.742857,t17_f5_c3,,18.2602,0.0583,,False,True,False,dev,0.0,2.097216414615015e+18,15.746285,100.0,0.010224931,ZTF18actxrky
ztf,59851.21641199989,2097216414615015002,1,2097216414615,20.971523,1,2097,0.7442614,18.014692,18.2047,0.14032483,0.0456,327.0870321,48.5370247,0.64285713,t17_f5_c3,0.94947386,18.1928,0.0514,770120146.0,True,True,False,dev,0.0,,15.72984,0.010917593,0.01710778,ZTF18actxrky
ztf,59872.277627300005,2118277624615015006,1,2118277624615,20.4762,1,2118,0.761017,18.8136,18.7107,0.176235,0.0883,327.0865615,48.537266,0.688571,t17_f5_c3,,18.6694,0.1018,,False,True,False,1.1.6,0.0,2.144247104615015e+18,15.801077,100.0,0.010992149,ZTF18actxrky
ztf,59877.1730324002,2123173033515015001,2,2123173033515,20.4995,1,2123,0.269309,17.6393,17.6944,0.08438,0.0454,327.0869915,48.5371842,0.818571,t17_f5_c3,,17.652,0.0493,,False,True,False,1.1.6,0.0,2.144247104615015e+18,14.594208,100.0,0.0051074373,ZTF18actxrky
ztf,59877.236805600114,2123236804615015001,1,2123236804615,20.6241,1,2123,0.413527,18.4989,18.4431,0.104929,0.0648,327.0866899,48.5371783,0.917143,t17_f5_c3,,18.4631,0.0778,,False,True,False,1.1.6,0.0,2.144247104615015e+18,15.7785425,100.0,0.008565503,ZTF18actxrky
ztf,59877.24075229978,2123240753515015000,1,2123240753515,20.5928,1,2123,1.11757,18.5381,18.4931,0.082968,0.0693,327.0864855,48.5370533,0.771429,t17_f5_c3,,18.4294,0.0773,,False,True,False,1.1.6,0.0,2.144247104615015e+18,15.772476,100.0,0.0064962306,ZTF18actxrky
ztf,59879.206423600204,2125206423515015002,1,2125206423515,20.4435,1,2125,0.547155,18.528,18.3826,0.1005,0.0648,327.0866954,48.5371265,0.801429,t17_f5_c3,,18.3557,0.075,,False,True,False,1.1.6,0.0,2.144247104615015e+18,15.771682,100.0,0.007936683,ZTF18actxrky
ztf,59879.26929400023,2125269294615015002,2,2125269294615,20.3493,1,2125,0.301197,17.4396,17.3859,0.098119,0.037,327.0867332,48.5372043,0.807143,t17_f5_c3,,17.3884,0.0422,,False,True,False,1.1.6,0.0,2.144247104615015e+18,14.596787,100.0,0.0071553034,ZTF18actxrky
ztf,59879.26978009986,2125269783515015001,2,2125269783515,20.2976,1,2125,0.485574,17.4059,17.5001,0.047404,0.0411,327.0867519,48.5371076,0.797143,t17_f5_c3,,17.4281,0.0441,,False,True,False,1.1.6,0.0,2.144247104615015e+18,14.578561,100.0,0.0035065464,ZTF18actxrky
ztf,59879.30347219994,2125303474615015003,1,2125303474615,20.1135,1,2125,0.598619,18.3698,18.2359,0.088711,0.0662,327.0867012,48.5370742,0.928571,t17_f5_c3,,18.2883,0.0841,,False,True,False,1.1.6,0.0,2.144247104615015e+18,15.767409,100.0,0.008072741,ZTF18actxrky
ztf,59881.244328700006,2127244323515015010,2,2127244323515,20.101,1,2127,0.298574,17.383,17.3004,0.099769,0.0366,327.0867857,48.5371564,0.77,t17_f5_c3,,17.2615,0.0411,,False,True,False,1.1.6,0.0,2.144247104615015e+18,14.57685,100.0,0.0075255088,ZTF18actxrky
ztf,59881.32780090021,2127327804615015000,1,2127327804615,20.1172,1,2127,0.676243,18.2051,18.1319,0.104951,0.0652,327.0865852,48.5371599,0.901429,t17_f5_c3,,18.1264,0.079,,False,True,False,1.1.6,0.0,2.144247104615015e+18,15.751345,100.0,0.010951781,ZTF18actxrky
ztf,59883.17954860022,2129179543515015006,1,2129179543515,20.5228,1,2129,0.481416,18.1539,18.1094,0.098255,0.0511,327.0868253,48.5370859,0.885714,t17_f5_c3,,18.0648,0.0583,,False,True,False,1.1.6,0.0,2.144247104615015e+18,15.736971,100.0,0.0106067695,ZTF18actxrky
ztf,59887.20429399982,2133204294615015000,1,2133204294615,19.7075,1,2133,0.423044,18.0136,18.0303,0.083261,0.0761,327.086774,48.5371001,0.934286,t17_f5_c3,,17.9881,0.0914,,False,True,False,1.1.6,0.0,2.144247104615015e+18,15.729708,100.0,0.010159793,ZTF18actxrky
ztf,59888.13409719989,2134134093515015000,2,2134134093515,19.1869,1,2134,0.083418,17.0984,17.0295,0.085362,0.0551,327.0869094,48.5371976,0.862857,t17_f5_c3,,16.9818,0.0656,,False,True,False,1.1.6,0.0,2.144247104615015e+18,14.55258,100.0,0.00818345,ZTF18actxrky
ztf,59888.17907410022,2134179073515015002,1,2134179073515,19.0289,1,2134,0.424954,18.0202,18.0219,0.107109,0.129,327.0867181,48.537176,0.894286,t17_f5_c3,,18.0315,0.1652,,False,True,False,1.1.6,0.0,2.144247104615015e+18,15.72172,100.0,0.0128953615,ZTF18actxrky
ztf,59889.20225689979,2135202254615015004,2,2135202254615,19.5637,1,2135,0.240876,17.1857,16.9992,0.11363,0.037,327.0867576,48.5371929,0.635714,t17_f5_c3,,16.9875,0.0445,,False,True,False,1.1.6,0.0,2.144247104615015e+18,14.576125,100.0,0.010272199,ZTF18actxrky
ztf,59889.22145830002,2135221454615015001,1,2135221454615,19.453,1,2135,0.37173,17.8985,17.932,0.099622,0.0847,327.0867387,48.5371345,0.92,t17_f5_c3,,17.9859,0.1121,,False,True,False,1.1.6,0.0,2.144247104615015e+18,15.714992,0.0029978636,0.01333373,ZTF18actxrky
ztf,59894.238344899844,2140238343515015000,1,2140238343515,19.1522,1,2140,0.371466,17.9375,17.9493,0.120983,0.0872,327.0867386,48.5372382,0.832857,t17_f5_c3,,17.879,0.1031,,False,True,False,1.1.6,0.0,2.144247104615015e+18,15.711423,100.0,0.015570174,ZTF18actxrky
ztf,59894.24359950004,2140243594615015002,1,2140243594615,19.0758,1,2140,0.601261,17.769,17.8781,0.097651,0.0758,327.0866323,48.5372632,0.688571,t17_f5_c3,,17.992,0.1058,,False,True,False,1.1.6,0.0,2.144247104615015e+18,15.696737,0.0068157264,0.014480108,ZTF18actxrky
ztf,59896.15785880014,2142157853515015002,1,2142157853515,20.1451,1,2142,0.128977,18.0264,18.0107,0.082347,0.0545,327.0868421,48.5372323,0.937143,t17_f5_c3,,18.0014,0.0656,,False,True,False,1.1.6,0.0,2.144247104615015e+18,15.722464,100.0,0.009864465,ZTF18actxrky
ztf,59896.1819329001,2142181934615015005,1,2142181934615,19.9062,1,2142,0.20775,18.0081,18.0072,0.077324,0.0597,327.0867766,48.5372024,0.914286,t17_f5_c3,,18.0175,0.0739,,False,True,False,1.1.6,0.0,2.144247104615015e+18,15.729035,100.0,0.009477377,ZTF18actxrky
ztf,59898.15759260021,2144157594615015002,1,2144157594615,20.799,1,2144,0.505648,18.0369,17.9655,0.094939,0.0397,327.0868852,48.537062,0.907143,t17_f5_c3,,17.9915,0.047,,False,True,False,1.1.6,0.0,2.144247104615015e+18,15.732524,100.0,0.011368273,ZTF18actxrky
ztf,59898.158067100216,2144158063515015011,1,2144158063515,20.7444,1,2144,0.510859,18.0202,18.0265,0.125911,0.0427,327.0867428,48.5371083,0.722857,t17_f5_c3,,18.0279,0.0497,,False,True,False,1.1.6,0.0,2.144247104615015e+18,15.72172,100.0,0.015159023,ZTF18actxrky
ztf,59898.24710649997,2144247104615015003,2,2144247104615,20.317724,1,2144,0.8496529,17.147074,17.1063,0.10544835,0.0287,327.0869741,48.5369776,0.67714286,t17_f5_c3,0.99751425,17.0922,0.0328,770120246.0,True,True,False,1.1.6,0.0,,14.5725765,100.0,0.0098455725,ZTF18actxrky
ztf,59898.24710649997,2144247104615015004,2,2144247104615,20.3177,1,2144,0.758032,16.9344,17.0157,0.035116,0.0277,327.0869001,48.5369925,0.78,t17_f5_c3,,17.0021,0.0312,,False,True,False,1.1.6,0.0,2.150114534615015e+18,14.55086,100.0,0.0039092083,ZTF18actxrky
ztf,59900.11840280006,2146118403515015002,2,2146118403515,19.7322,1,2146,0.218549,17.0322,16.9795,0.050416,0.0285,327.0869279,48.537154,0.725714,t17_f5_c3,,16.9504,0.0327,,False,True,False,1.1.6,0.0,2.150114534615015e+18,14.546056,100.0,0.005106351,ZTF18actxrky
ztf,59902.13828699989,2148138284615015001,2,2148138284615,19.7245,1,2148,0.453843,17.1421,16.9866,0.072081,0.0291,327.0869238,48.5373279,0.641429,t17_f5_c3,,16.9456,0.0329,,False,True,False,1.1.6,0.0,2.150114534615015e+18,14.572111,100.0,0.006758115,ZTF18actxrky
ztf,59902.138761600014,2148138763515015004,2,2148138763515,19.7441,1,2148,0.082432,17.0621,16.9737,0.090946,0.0284,327.0868719,48.5372296,0.644286,t17_f5_c3,,16.931,0.0321,,False,True,False,1.1.6,0.0,2.150114534615015e+18,14.5490465,100.0,0.008985918,ZTF18actxrky
ztf,59902.28442130005,2148284423515015004,1,2148284423515,19.2098,1,2148,0.822394,18.1045,17.9736,0.122504,0.0689,327.0870288,48.5374272,0.631429,t17_f5_c3,,17.9564,0.0842,,False,True,False,1.1.6,0.0,2.150114534615015e+18,15.731529,100.0,0.013770888,ZTF18actxrky
ztf,59904.11453700019,2150114534615015002,2,2150114534615,20.653498,1,2150,0.8084508,17.169971,17.1381,0.101108596,0.0269,327.0871823,48.5371293,0.63857144,t17_f5_c3,0.9046257,17.1134,0.029,770120246.0,True,True,False,1.1.6,0.0,,14.574695,100.0,0.009261413,ZTF18actxrky
ztf,60036.467152799945,2282467153515015001,2,2282467153515,19.6433,1,2282,0.229192,16.8598,16.789,0.051247,0.0318,327.0869365,48.5371559,0.861429,t17_f5_c3,,16.744,0.037,,False,True,False,1.2.0,0.0,2.311468913515015e+18,14.527294,100.0,0.005979517,ZTF18actxrky
ztf,60036.499895799905,2282499893515015001,1,2282499893515,20.1317,1,2282,0.446224,17.8217,17.6443,0.102329,0.0434,327.0869643,48.5371,0.905714,t17_f5_c3,,17.6465,0.0528,,False,True,False,1.2.0,0.0,2.311468913515015e+18,15.695808,100.0,0.014442504,ZTF18actxrky
ztf,60042.4773380002,2288477334615015002,2,2288477334615,19.4545,1,2288,0.149992,16.6867,16.5928,0.088623,0.033,327.0868637,48.5371618,0.768571,t17_f5_c3,,16.5549,0.039,,False,True,False,1.2.0,0.0,2.311468913515015e+18,14.52032,100.0,0.012050198,ZTF18actxrky
ztf,60042.48498839978,2288484984615015001,1,2288484984615,19.4916,1,2288,0.399402,17.5617,17.3354,0.076735,0.057,327.0868577,48.5370874,0.918571,t17_f5_c3,,17.3622,0.0735,,False,True,False,1.2.0,0.0,2.311468913515015e+18,15.663384,0.004988139,0.013355714,ZTF18actxrky
ztf,60045.4465855998,2291446583515015000,2,2291446583515,20.0,1,2291,0.525387,16.623,16.8291,0.092536,0.0265,327.0868533,48.537061,0.734286,t17_f5_c3,,16.7757,0.0301,,False,True,False,1.2.0,0.0,2.311468913515015e+18,14.496851,100.0,0.0130572375,ZTF18actxrky
ztf,60045.4465855998,2291446583515015001,2,2291446583515,20.0,1,2291,0.140369,16.623,16.6333,0.028924,0.023,327.0868698,48.537169,0.811429,t17_f5_c3,,16.5958,0.0261,,False,True,False,1.2.0,0.0,2.311468913515015e+18,14.496851,100.0,0.0040813037,ZTF18actxrky
ztf,60045.471319399774,2291471313515015000,1,2291471313515,19.9058,1,2291,0.44979,17.5464,17.5373,0.080483,0.0477,327.0869283,48.5370914,0.905714,t17_f5_c3,,17.4728,0.0555,,False,True,False,1.2.0,0.0,2.311468913515015e+18,15.65246,100.0,0.014064627,ZTF18actxrky
ztf,60050.45493059978,2296454933515015000,2,2296454933515,20.3273,1,2296,0.108726,16.5594,16.5846,0.066665,0.019,327.0868717,48.5371803,0.791429,t17_f5_c3,,16.5683,0.0212,,False,True,False,1.2.0,0.0,2.311468913515015e+18,14.487648,100.0,0.00989001,ZTF18actxrky
ztf,60050.485324100126,2296485323515015001,1,2296485323515,20.517,1,2296,0.418284,17.7039,17.6037,0.065727,0.0343,327.0869226,48.5371007,0.922857,t17_f5_c3,,17.5876,0.0397,,False,True,False,1.2.0,0.0,2.311468913515015e+18,15.678388,100.0,0.010175111,ZTF18actxrky
ztf,60065.46891199984,2311468913515015001,1,2311468913515,20.212032,1,2311,0.66112214,18.237776,18.1477,0.13244465,0.0584,327.0870652,48.5370705,0.7542857,t17_f5_c3,0.9999677,18.1112,0.0672,769120135.0,True,True,False,1.2.0,0.0,,15.74572,100.0,0.013341729,ZTF18actxrky
ztf,60065.46986109996,2311469864615015003,1,2311469864615,20.2668,1,2311,0.141374,17.8732,17.8847,0.074021,0.0456,327.0869237,48.5371911,0.901429,t17_f5_c3,,17.8111,0.0506,,False,True,False,1.2.0,0.0,2.338311343515015e+18,15.711571,100.0,0.01010889,ZTF18actxrky
ztf,60091.39313660003,2337393133515015001,2,2337393133515,20.5264,1,2337,0.660426,17.6645,17.6896,0.158521,0.0454,327.0866076,48.5371752,0.551429,t17_f5_c3,,17.6251,0.0479,,False,True,False,1.2.0,0.0,2.338311343515015e+18,14.595717,100.0,0.009388017,ZTF18actxrky
ztf,60092.3113425998,2338311343515015000,1,2338311343515,19.53433,1,2338,1.0649394,18.379654,18.4037,0.13783881,0.1239,327.0869805,48.5369224,0.78571427,t17_f5_c3,0.99988216,18.4346,0.1593,769120135.0,True,True,False,1.2.0,0.0,,15.759201,100.0,0.012336453,ZTF18actxrky
ztf,60171.36086810008,2417360864615015006,1,2417360864615,20.7902,1,2417,0.24359,17.9993,17.9097,0.094648,0.037,327.0868228,48.5371401,0.891429,t17_f5_c3,,17.9097,0.0427,,False,True,False,1.2.1,0.0,2.446433994615015e+18,15.727953,100.0,0.011683487,ZTF18actxrky
ztf,60174.327951400075,2420327954615015006,1,2420327954615,20.687,1,2420,0.165971,17.7427,17.7797,0.058872,0.0344,327.0868582,48.5371559,0.912857,t17_f5_c3,,17.7845,0.0402,,False,True,False,1.2.1,0.0,2.446433994615015e+18,15.692797,100.0,0.008911428,ZTF18actxrky
ztf,60174.36523150001,2420365234615015009,2,2420365234615,20.5838,1,2420,0.373307,16.8354,16.8067,0.065398,0.0203,327.0868756,48.5371031,0.748571,t17_f5_c3,,16.7868,0.0221,,False,True,False,1.2.1,0.0,2.446433994615015e+18,14.539382,100.0,0.007891459,ZTF18actxrky
ztf,60179.3433681,2425343364615015004,1,2425343364615,20.5915,1,2425,0.185194,17.677,17.6815,0.080165,0.0326,327.0868157,48.5371639,0.881429,t17_f5_c3,,17.6687,0.0379,,False,True,False,1.2.1,0.0,2.446433994615015e+18,15.682592,0.0020185232,0.012770912,ZTF18actxrky
ztf,60179.39378469996,2425393784615015002,2,2425393784615,20.7318,1,2425,0.3538,16.7306,16.7413,0.096839,0.0187,327.0869509,48.5371276,0.677143,t17_f5_c3,,16.7234,0.02,,False,True,False,1.2.1,0.0,2.446433994615015e+18,14.526186,100.0,0.012714068,ZTF18actxrky
ztf,60181.36401619995,2427364014615015004,1,2427364014615,20.8848,1,2427,0.29705,17.6207,17.6642,0.062898,0.0292,327.0867696,48.5371468,0.902857,t17_f5_c3,,17.6654,0.0333,,False,True,False,1.2.1,0.0,2.446433994615015e+18,15.673426,100.0,0.010464705,ZTF18actxrky
ztf,60182.350266200025,2428350263515015003,2,2428350263515,20.6911,1,2428,0.221287,16.7861,16.7551,0.100922,0.0188,327.0868659,48.5371478,0.707143,t17_f5_c3,,16.7279,0.0201,,False,True,False,1.2.1,0.0,2.446433994615015e+18,14.518433,100.0,0.0125002535,ZTF18actxrky
ztf,60182.41138890013,2428411383515015004,1,2428411383515,20.5073,1,2428,0.33471,17.8015,17.7222,0.066272,0.0351,327.0869705,48.5371376,0.935714,t17_f5_c3,,17.7058,0.0407,,False,True,False,1.2.1,0.0,2.446433994615015e+18,15.692935,100.0,0.009503945,ZTF18actxrky
ztf,60183.42570600007,2429425704615015004,1,2429425704615,20.8721,1,2429,0.215301,17.5066,17.6123,0.076357,0.0287,327.0868099,48.5371526,0.858571,t17_f5_c3,,17.6192,0.033,,False,True,False,1.2.1,0.0,2.446433994615015e+18,15.653591,0.0064223255,0.013856246,ZTF18actxrky
ztf,60184.35815969994,2430358153515015002,2,2430358153515,20.0355,1,2430,0.18623,16.6019,16.6861,0.12136,0.0225,327.0869598,48.5371877,0.75,t17_f5_c3,,16.6592,0.0258,,False,True,False,1.2.1,0.0,2.446433994615015e+18,14.493849,0.010741338,0.01741225,ZTF18actxrky
ztf,60184.40934030013,2430409343515015001,1,2430409343515,20.1586,1,2430,0.501484,17.6947,17.674,0.068793,0.0426,327.0869305,48.5370769,0.925714,t17_f5_c3,,17.6447,0.0504,,False,True,False,1.2.1,0.0,2.446433994615015e+18,15.676958,100.0,0.01072624,ZTF18actxrky
ztf,60185.45041669998,2431450414615015003,1,2431450414615,20.0135,1,2431,0.387942,17.5912,17.5371,0.068944,0.0441,327.0867652,48.5371132,0.895714,t17_f5_c3,,17.5062,0.0529,,False,True,False,1.2.1,0.0,2.446433994615015e+18,15.668462,100.0,0.01173279,ZTF18actxrky
ztf,60187.17792819999,2433177924615015003,1,2433177924615,19.5709,1,2433,0.313256,17.6275,17.6545,0.056978,0.0733,327.0868925,48.5371137,0.81,t17_f5_c3,,17.6908,0.0957,,False,True,False,1.2.1,0.0,2.446433994615015e+18,15.674555,100.0,0.00943037,ZTF18actxrky
ztf,60191.20733800018,2437207333515015000,1,2437207333515,20.1331,1,2437,0.30339,17.7027,17.6696,0.066875,0.0415,327.0868792,48.5371314,0.937143,t17_f5_c3,,17.6567,0.0498,,False,True,False,1.2.1,0.0,2.446433994615015e+18,15.678202,100.0,0.010362503,ZTF18actxrky
ztf,60192.331192099955,2438331194615015005,1,2438331194615,20.4714,1,2438,0.149535,17.5254,17.6147,0.067999,0.0348,327.0868225,48.5371714,0.892857,t17_f5_c3,,17.5963,0.0408,,False,True,False,1.2.1,0.0,2.446433994615015e+18,15.656979,100.0,0.0121656135,ZTF18actxrky
ztf,60193.260231500026,2439260233515015002,2,2439260233515,20.738,1,2439,0.159131,16.6524,16.6486,0.024709,0.0173,327.0868216,48.5371963,0.7,t17_f5_c3,,16.6362,0.0187,,False,True,False,1.2.1,0.0,2.446433994615015e+18,14.500951,100.0,0.003406246,ZTF18actxrky
ztf,60193.260231500026,2439260233515015003,2,2439260233515,20.738,1,2439,0.407215,16.8268,16.7565,0.065843,0.018,327.0868081,48.5371072,0.672857,t17_f5_c3,,16.7265,0.0195,,False,True,False,1.2.1,0.0,2.446433994615015e+18,14.523392,100.0,0.007891264,ZTF18actxrky
ztf,60193.325081000105,2439325083515015002,1,2439325083515,20.6206,1,2439,0.380518,17.6221,17.5389,0.066246,0.0297,327.0867853,48.5371311,0.934286,t17_f5_c3,,17.5256,0.0344,,False,True,False,1.2.1,0.0,2.446433994615015e+18,15.665315,100.0,0.010925595,ZTF18actxrky
ztf,60194.217442099936,2440217444615025008,2,2440217444615,20.8036,1,2440,0.657288,16.62,16.8715,0.101752,0.0185,327.0869112,48.5370235,0.632857,t17_f5_c3,,16.8728,0.0206,,False,True,False,1.2.1,0.0,2.446433994615015e+18,14.511006,100.0,0.014586302,ZTF18actxrky
ztf,60194.217442099936,2440217444615025009,2,2440217444615,20.8036,1,2440,0.40608,16.5499,16.6491,0.022799,0.0171,327.086863,48.5370908,0.668571,t17_f5_c3,,16.6314,0.0182,,False,True,False,1.2.1,0.0,2.446433994615015e+18,14.500675,100.0,0.003453233,ZTF18actxrky
ztf,60194.28474539984,2440284744615015001,1,2440284744615,20.8157,1,2440,0.20359,17.4408,17.4757,0.054375,0.0256,327.0868738,48.5371452,0.932857,t17_f5_c3,,17.4448,0.0285,,False,True,False,1.2.1,0.0,2.446433994615015e+18,15.641351,100.0,0.010366203,ZTF18actxrky
ztf,60195.32357640006,2441323573515025007,1,2441323573515,20.603,1,2441,0.318864,17.6524,17.6062,0.062553,0.0319,327.0869276,48.5371288,0.944286,t17_f5_c3,,17.5723,0.0361,,False,True,False,1.2.1,0.0,2.446433994615015e+18,15.670254,100.0,0.01007836,ZTF18actxrky
ztf,60196.28106479999,2442281064615015003,1,2442281064615,18.7444,1,2442,0.421379,17.1118,17.0752,0.090218,0.0917,327.0869394,48.5370927,0.651429,t17_f5_c3,,17.0268,0.11,,False,True,False,1.2.1,0.0,2.446433994615015e+18,15.570455,0.018615875,0.021815013,ZTF18actxrky
ztf,60198.247557899915,2444247553515015001,1,2444247553515,20.4879,1,2444,0.339554,17.5652,17.4769,0.102952,0.0295,327.0869033,48.537121,0.842857,t17_f5_c3,,17.4538,0.034,,False,True,False,1.2.1,0.0,2.446433994615015e+18,15.655723,0.0035216818,0.0177355,ZTF18actxrky
ztf,60198.30806710012,2444308063515015003,2,2444308063515,20.5952,1,2444,0.500507,16.5719,16.5912,0.070912,0.017,327.0868358,48.5370743,0.728571,t17_f5_c3,,16.5662,0.0184,,False,True,False,1.2.1,0.0,2.446433994615015e+18,14.489492,100.0,0.010417347,ZTF18actxrky
ztf,60200.25997690018,2446259974615015005,1,2446259974615,21.0221,1,2446,0.245381,17.3938,17.4356,0.070238,0.0229,327.0868537,48.5371337,0.792857,t17_f5_c3,,17.4404,0.0257,,False,True,False,1.2.1,0.0,2.446433994615015e+18,15.632233,0.006879463,0.013865797,ZTF18actxrky
ztf,60200.43399310019,2446433994615015004,2,2446433994615,20.344316,1,2446,0.6892535,16.447653,16.8484,0.063001335,0.0212,327.0869718,48.5370277,0.6628571,t17_f5_c3,0.9946326,16.8185,0.0239,770120246.0,True,True,False,1.2.1,0.0,,14.484556,100.0,0.010330255,ZTF18actxrky
ztf,60428.44894680008,2674448944615015002,1,2674448944615,19.7172,1,2674,0.259724,17.3539,17.3091,0.068151,0.0415,327.0868909,48.537131,0.957143,t17_f5_c3,,17.2209,0.0475,,False,True,False,24.4.1,0.0,2.703429284615015e+18,15.624239,0.0070104874,0.013855026,ZTF18actxrky
ztf,60428.44988430012,2674449883515015001,1,2674449883515,19.6017,1,2674,0.444234,17.4573,17.4228,0.08474,0.0486,327.0867339,48.5371429,0.958571,t17_f5_c3,,17.3851,0.0587,,False,True,False,24.4.1,0.0,2.703429284615015e+18,15.6363535,100.0,0.015838338,ZTF18actxrky
ztf,60428.49832180003,2674498324615015001,2,2674498324615,20.1728,1,2674,0.212706,16.4196,16.4387,0.02317,0.0181,327.0869104,48.5371546,0.758571,t17_f5_c3,,16.4197,0.0205,,False,True,True,24.4.1,0.0,2.703429284615015e+18,14.479906,100.0,0.003881939,ZTF18actxrky
ztf,60428.49832180003,2674498324615015002,2,2674498324615,20.1728,1,2674,0.327968,16.485,16.5109,0.07671,0.0187,327.0869219,48.5371216,0.728571,t17_f5_c3,,16.4921,0.0215,,False,True,True,24.4.1,0.0,2.703429284615015e+18,14.490593,100.0,0.012220494,ZTF18actxrky
ztf,60428.49974540016,2674499743515015000,2,2674499743515,20.1278,1,2674,0.276904,16.4268,16.461,0.056198,0.0188,327.0868385,48.5371376,0.744286,t17_f5_c3,,16.4482,0.0216,,False,True,True,24.4.1,0.0,2.703429284615015e+18,14.466923,100.0,0.00924209,ZTF18actxrky
ztf,60432.4464004999,2678446403515015000,1,2678446403515,20.3361,1,2678,0.386006,17.4621,17.5081,0.071347,0.0358,327.0868701,48.5371075,0.907143,t17_f5_c3,,17.509,0.0428,,False,True,False,24.4.1,0.0,2.703429284615015e+18,15.637248,100.0,0.013287261,ZTF18actxrky
ztf,60432.44876160007,2678448764615015001,1,2678448764615,20.4789,1,2678,0.301843,17.4081,17.3946,0.06636,0.0298,327.0868847,48.5371179,0.928571,t17_f5_c3,,17.3768,0.0345,,False,True,False,24.4.1,0.0,2.703429284615015e+18,15.63504,0.0047261626,0.012962312,ZTF18actxrky
ztf,60432.47208329989,2678472083515015001,2,2678472083515,20.5561,1,2678,0.18472,16.5824,16.598,0.068156,0.0181,327.0868054,48.5372162,0.667143,t17_f5_c3,,16.5825,0.0198,,False,True,True,24.4.1,0.0,2.703429284615015e+18,14.491029,100.0,0.009930152,ZTF18actxrky
ztf,60434.44820600003,2680448203515015001,1,2680448203515,20.8112,1,2680,0.211972,17.5636,17.5309,0.056612,0.028,327.0868661,48.5371574,0.95,t17_f5_c3,,17.5009,0.031,,False,True,False,24.4.1,0.0,2.703429284615015e+18,15.655446,100.0,0.009764429,ZTF18actxrky
ztf,60434.45151619986,2680451514615015005,1,2680451514615,20.8952,1,2680,0.185141,17.3957,17.4689,0.058346,0.0257,327.0869071,48.5371561,0.93,t17_f5_c3,,17.4353,0.0281,,False,True,False,24.4.1,0.0,2.703429284615015e+18,15.632607,100.0,0.011502012,ZTF18actxrky
ztf,60434.47380790021,2680473803515015003,2,2680473803515,20.7293,1,2680,0.591766,16.6359,16.6219,0.075396,0.0172,327.0868023,48.5370538,0.702857,t17_f5_c3,,16.6093,0.0186,,False,True,True,24.4.1,0.0,2.703429284615015e+18,14.498662,100.0,0.010530593,ZTF18actxrky
ztf,60434.47380790021,2680473803515015004,2,2680473803515,20.7293,1,2680,0.469667,16.6003,16.8074,0.024044,0.0188,327.0868233,48.5370854,0.688571,t17_f5_c3,,16.7802,0.0204,,False,True,True,24.4.1,0.0,2.703429284615015e+18,14.493619,100.0,0.003454095,ZTF18actxrky
ztf,60434.47665510001,2680476654615015005,2,2680476654615,20.7215,1,2680,0.334052,16.5069,16.557,0.023001,0.0166,327.0869042,48.5371163,0.742857,t17_f5_c3,,16.5428,0.0178,,False,True,True,24.4.1,0.0,2.703429284615015e+18,14.494052,100.0,0.0036025266,ZTF18actxrky
ztf,60434.47665510001,2680476654615015006,2,2680476654615,20.7215,1,2680,0.39536,16.5569,16.6629,0.095674,0.0172,327.0869456,48.5371099,0.681429,t17_f5_c3,,16.6621,0.019,,False,True,True,24.4.1,0.0,2.703429284615015e+18,14.501733,100.0,0.01441209,ZTF18actxrky
ztf,60446.43047450017,2692430473515015001,1,2692430473515,20.331814,1,2692,1.212822,18.39486,18.2339,0.15847097,0.0599,327.0872458,48.5369682,0.51285714,t17_f5_c3,0.99972916,18.1842,0.0681,769120135.0,True,True,False,24.4.1,0.0,,15.760553,100.0,0.0140031995,ZTF18actxrky
ztf,60449.43671299983,2695436713515015004,1,2695436713515,20.32,1,2695,0.522068,18.4342,18.2951,0.102994,0.0636,327.086811,48.5370753,0.932857,t17_f5_c3,,18.2928,0.0759,,False,True,False,24.4.1,0.0,2.703429284615015e+18,15.763972,100.0,0.008804829,ZTF18actxrky
ztf,60449.45291669993,2695452914615015005,1,2695452914615,20.4694,1,2695,0.329762,18.1901,18.1707,0.054927,0.0519,327.0868661,48.5371094,0.882857,t17_f5_c3,,18.1296,0.059,,False,True,False,24.4.1,0.0,2.703429284615015e+18,15.749769,100.0,0.0058030165,ZTF18actxrky
ztf,60457.429282399826,2703429284615015002,1,2703429284615,20.257103,1,2703,0.6361765,18.363966,18.3166,0.13742281,0.0768,327.0870085,48.5370523,0.8971428,t17_f5_c3,0.9259441,18.3069,0.0931,770120146.0,True,True,False,24.4.1,0.0,,15.766876,100.0,0.01256675,ZTF18actxrky
ztf,60464.44856479997,2710448564615015005,1,2710448564615,21.01,1,2710,0.259626,18.2919,18.2518,0.10732,0.0474,327.0868502,48.5371278,0.895714,t17_f5_c3,,18.2644,0.0542,,False,True,False,24.5.1,0.0,2.730366154615015e+18,15.760085,100.0,0.010422079,ZTF18actxrky
ztf,60473.41025459999,2719410253515015004,2,2719410253515,20.715,1,2719,0.278951,16.7935,17.0003,0.10751,0.0235,327.0868664,48.5371313,0.598571,t17_f5_c3,,16.9935,0.0256,,False,True,True,24.5.1,0.0,2.745412664615015e+18,14.519346,100.0,0.013236928,ZTF18actxrky
ztf,60473.45648150006,2719456484615015004,1,2719456484615,20.5235,1,2719,0.276972,17.8518,17.9128,0.059422,0.0401,327.0869057,48.5371271,0.907143,t17_f5_c3,,17.9047,0.0468,,False,True,False,24.5.1,0.0,2.745412664615015e+18,15.708624,100.0,0.008254224,ZTF18actxrky
ztf,60476.434479199816,2722434474615015004,1,2722434474615,20.9068,1,2722,0.279276,17.8023,17.8305,0.112875,0.0333,327.0868519,48.537123,0.83,t17_f5_c3,,17.8095,0.0374,,False,True,False,24.5.1,0.0,2.745412664615015e+18,15.701611,0.010058004,0.016305055,ZTF18actxrky
ztf,60476.43495369982,2722434953515015000,1,2722434953515,20.6933,1,2722,0.353831,17.8522,17.8087,0.120346,0.0362,327.0869646,48.5371291,0.794286,t17_f5_c3,,17.809,0.042,,False,True,False,24.5.1,0.0,2.745412664615015e+18,15.700062,100.0,0.016579695,ZTF18actxrky
ztf,60476.44584489986,2722445843515015001,2,2722445843515,20.6989,1,2722,0.703802,16.8906,16.9444,0.10731,0.0219,327.0868724,48.5370105,0.557143,t17_f5_c3,,16.9155,0.0237,,False,True,True,24.5.1,0.0,2.745412664615015e+18,14.530844,100.0,0.012210614,ZTF18actxrky
ztf,60479.37144679995,2725371443515015003,2,2725371443515,20.0637,1,2725,0.187195,16.7203,16.7235,0.068813,0.0228,327.0868662,48.5371574,0.858571,t17_f5_c3,,16.7004,0.026,,False,True,True,24.5.1,0.0,2.745412664615015e+18,14.510063,100.0,0.008986188,ZTF18actxrky
ztf,60479.41679400019,2725416793515015004,1,2725416793515,20.5081,1,2725,0.404544,17.8256,17.7447,0.068219,0.0352,327.0868754,48.5371011,0.958571,t17_f5_c3,,17.7339,0.0408,,False,True,False,24.5.1,0.0,2.745412664615015e+18,15.696359,100.0,0.009598619,ZTF18actxrky
ztf,60479.4560647998,2725456064615015004,1,2725456064615,20.4345,1,2725,0.117608,17.6479,17.6881,0.064375,0.0337,327.086903,48.5372242,0.932857,t17_f5_c3,,17.6845,0.0395,,False,True,False,24.5.1,0.0,2.745412664615015e+18,15.677904,100.0,0.010488639,ZTF18actxrky
ztf,60481.37166670011,2727371663515015004,2,2727371663515,20.1384,1,2727,0.665755,16.6541,16.768,0.182416,0.0239,327.086902,48.5370226,0.597143,t17_f5_c3,,16.7448,0.0275,,False,True,True,24.5.1,0.0,2.730366154615015e+18,14.501185,0.020983147,0.025112906,ZTF18actxrky
ztf,60481.37166670011,2727371663515025005,2,2727371663515,20.1376,1,2727,0.666403,16.6592,16.7715,0.18334,0.024,327.0868978,48.5370222,0.601429,t17_f5_c3,,16.7475,0.0275,,False,True,True,24.5.1,0.0,2.745412664615015e+18,14.501886,0.02100737,0.025138043,ZTF18actxrky
ztf,60481.411215300206,2727411213515015002,1,2727411213515,20.1584,1,2727,0.313164,17.7633,17.7325,0.087599,0.0484,327.0868273,48.5371393,0.922857,t17_f5_c3,,17.7443,0.0601,,False,True,False,24.5.1,0.0,2.745412664615015e+18,15.687373,100.0,0.01294579,ZTF18actxrky
ztf,60482.4307407001,2728430744615015000,1,2728430744615,20.0669,1,2728,0.234496,17.6407,17.7725,0.065178,0.0537,327.0868265,48.5371401,0.924286,t17_f5_c3,,17.8001,0.068,,False,True,False,24.5.1,0.0,2.745412664615015e+18,15.676728,100.0,0.010678554,ZTF18actxrky
ztf,60483.369131899904,2729369133515015000,2,2729369133515,19.3163,1,2729,0.482075,16.6949,16.6711,0.0684,0.0288,327.0870859,48.5371897,0.741429,t17_f5_c3,,16.6246,0.0337,,False,True,True,24.5.1,0.0,2.745412664615015e+18,14.506712,100.0,0.009115507,ZTF18actxrky
ztf,60483.42736109998,2729427363515015000,1,2729427363515,19.6161,1,2729,0.278843,17.6739,17.7904,0.075271,0.0726,327.0867831,48.5371746,0.95,t17_f5_c3,,17.7315,0.0866,,False,True,False,24.5.1,0.0,2.745412664615015e+18,15.673689,100.0,0.011927325,ZTF18actxrky
ztf,60484.366157399956,2730366154615015001,2,2730366154615,20.35016,1,2730,0.8708329,16.640343,16.6528,0.16864619,0.0204,327.0870008,48.5369815,0.5285714,t17_f5_c3,0.69092727,16.6307,0.0227,770120246.0,True,True,True,24.5.1,0.0,,14.513899,0.013255089,0.023790257,ZTF18actxrky
ztf,60484.366157399956,2730366154615015002,2,2730366154615,20.35016,1,2730,0.7588128,16.638361,16.8019,0.026779333,0.0221,327.0869662,48.5370064,0.60142857,t17_f5_c3,0.69092727,16.7843,0.0251,770120246.0,True,True,True,24.5.1,0.0,,14.513619,100.0,0.0037835822,ZTF18actxrky
ztf,60484.43491900014,2730434914615015003,1,2730434914615,20.0728,1,2730,0.48668,17.6994,17.675,0.113472,0.0492,327.0869419,48.5370728,0.815714,t17_f5_c3,,17.6235,0.0581,,False,True,False,24.5.1,0.0,2.745412664615015e+18,15.686131,0.012472235,0.017765643,ZTF18actxrky
ztf,60485.3943403,2731394343515015002,2,2731394343515,20.1639,1,2731,0.440992,16.6999,16.7775,0.093624,0.0242,327.0867968,48.5371027,0.697143,t17_f5_c3,,16.7215,0.027,,False,True,True,24.5.1,0.0,2.745412664615015e+18,14.507377,100.0,0.01242734,ZTF18actxrky
ztf,60487.43003469985,2733430034615015003,2,2733430034615,20.4617,1,2733,0.288039,16.5672,16.5791,0.100062,0.018,327.0869238,48.5371386,0.738571,t17_f5_c3,,16.5742,0.02,,False,True,True,24.5.1,0.0,2.745412664615015e+18,14.503278,100.0,0.01495204,ZTF18actxrky
ztf,60487.45188659988,2733451884615015003,1,2733451884615,20.2126,1,2733,0.320063,17.5434,17.6188,0.076941,0.0407,327.0867828,48.5371322,0.878571,t17_f5_c3,,17.5952,0.0486,,False,True,False,24.5.1,0.0,2.745412664615015e+18,15.660177,0.00563922,0.013579032,ZTF18actxrky
ztf,60488.34905089997,2734349053515015001,2,2734349053515,20.5282,1,2734,0.5215,16.605,16.664,0.113557,0.0186,327.086794,48.5370755,0.724286,t17_f5_c3,,16.6424,0.0206,,False,True,True,24.5.1,0.0,2.745412664615015e+18,14.494292,0.008728875,0.01625291,ZTF18actxrky
ztf,60488.44740739977,2734447403515015003,1,2734447403515,20.4125,1,2734,0.254335,17.517,17.5102,0.113661,0.0333,327.0868199,48.537158,0.77,t17_f5_c3,,17.4856,0.0389,,False,True,False,24.5.1,0.0,2.745412664615015e+18,15.6472645,0.010725446,0.020310346,ZTF18actxrky
ztf,60490.36344909994,2736363443515015003,1,2736363443515,20.5526,1,2736,0.148881,17.5931,17.5957,0.061204,0.0321,327.0868647,48.5371754,0.952857,t17_f5_c3,,17.5563,0.0366,,False,True,False,24.5.1,0.0,2.745412664615015e+18,15.660478,100.0,0.010321219,ZTF18actxrky
ztf,60490.36590280011,2736365904615015007,1,2736365904615,20.5363,1,2736,0.164053,17.4835,17.509,0.053021,0.03,327.0868807,48.5371568,0.91,t17_f5_c3,,17.4899,0.0347,,False,True,False,24.5.1,0.0,2.745412664615015e+18,15.649363,100.0,0.009790237,ZTF18actxrky
ztf,60490.410173600074,2736410173515015002,2,2736410173515,20.4844,1,2736,0.180771,16.533,16.5887,0.040637,0.0173,327.0869166,48.537162,0.818571,t17_f5_c3,,16.5769,0.0191,,False,True,True,24.5.1,0.0,2.745412664615015e+18,14.48369,100.0,0.006154566,ZTF18actxrky
ztf,60490.41064810008,2736410644615015006,2,2736410644615,20.3088,1,2736,0.270482,16.4447,16.514,0.083203,0.0172,327.0869184,48.5371387,0.794286,t17_f5_c3,,16.4854,0.019,,False,True,True,24.5.1,0.0,2.745412664615015e+18,14.484072,100.0,0.013673744,ZTF18actxrky
ztf,60499.36771989986,2745367713515015002,1,2745367713515,20.5844,1,2745,0.483913,17.5217,17.4202,0.07862,0.0271,327.0869693,48.5370909,0.874286,t17_f5_c3,,17.3802,0.0303,,False,True,False,24.5.1,0.0,2.745412664615015e+18,15.648103,100.0,0.013998914,ZTF18actxrky
ztf,60499.41075230017,2745410753515015003,2,2745410753515,20.7103,1,2745,0.41591,16.4926,16.5233,0.095963,0.0155,327.0868994,48.5370927,0.702857,t17_f5_c3,,16.4888,0.0166,,False,True,True,24.5.1,0.0,2.771342003515015e+18,14.477474,0.0065369103,0.014998701,ZTF18actxrky
ztf,60499.41266199993,2745412664615015007,2,2745412664615,20.8198,1,2745,0.442857,16.4062,16.4326,0.020108,0.0142,327.0868558,48.537078,0.771429,t17_f5_c3,,16.4183,0.0151,,False,True,True,24.5.1,0.0,2.771342003515015e+18,14.47765,100.0,0.003403679,ZTF18actxrky
ztf,60499.41266199993,2745412664615015008,2,2745412664615,20.819807,1,2745,0.7219102,16.396544,16.7637,0.056513004,0.0168,327.0869284,48.5370045,0.5985714,t17_f5_c3,0.9850508,16.7499,0.0184,770120246.0,True,True,True,24.5.1,0.0,,14.476009,100.0,0.00963684,ZTF18actxrky
ztf,60499.42905090004,2745429054615015004,1,2745429054615,20.978,1,2745,0.245306,17.3303,17.398,0.074122,0.0228,327.0868824,48.537133,0.871429,t17_f5_c3,,17.383,0.0253,,False,True,False,24.5.1,0.0,2.771342003515015e+18,15.619399,0.009670063,0.015331579,ZTF18actxrky
ztf,60501.3683449002,2747368343515015001,2,2747368343515,20.5346,1,2747,0.220158,16.4828,16.4788,0.053382,0.016,327.08695,48.5371647,0.8,t17_f5_c3,,16.4578,0.0173,,False,True,True,24.5.1,0.0,2.771342003515015e+18,14.475937,100.0,0.008407166,ZTF18actxrky
ztf,60501.403530099895,2747403533515015002,1,2747403533515,20.3644,1,2747,0.344151,17.4792,17.4927,0.07902,0.0306,327.0869913,48.5371475,0.907143,t17_f5_c3,,17.484,0.0357,,False,True,False,24.5.1,0.0,2.771342003515015e+18,15.640413,100.0,0.014528544,ZTF18actxrky
ztf,60502.408449099865,2748408444615015007,1,2748408444615,20.7574,1,2748,0.201206,17.3573,17.3718,0.070104,0.0254,327.0868511,48.5371462,0.892857,t17_f5_c3,,17.3691,0.029,,False,True,False,24.5.1,0.0,2.771342003515015e+18,15.624928,0.0076885642,0.014216558,ZTF18actxrky
ztf,60503.40917820018,2749409173515015001,2,2749409173515,20.1875,1,2749,0.058411,16.3454,16.4171,0.089493,0.0169,327.0868766,48.5372257,0.828571,t17_f5_c3,,16.4069,0.019,,False,True,True,24.5.1,0.0,2.771342003515015e+18,14.45311,0.008431808,0.015662936,ZTF18actxrky
ztf,60504.42962960014,2750429624615015008,1,2750429624615,20.8837,1,2750,0.145073,17.3534,17.3885,0.063988,0.0243,327.0868337,48.5371664,0.894286,t17_f5_c3,,17.3676,0.0269,,False,True,False,24.5.1,0.0,2.771342003515015e+18,15.624137,0.005153905,0.013013482,ZTF18actxrky
ztf,60505.36273150006,2751362733515015003,1,2751362733515,20.778,1,2751,0.575527,17.4562,17.6691,0.091731,0.0306,327.0867585,48.5370776,0.804286,t17_f5_c3,,17.5773,0.033,,False,True,False,24.5.1,0.0,2.771342003515015e+18,15.6361475,0.0017293879,0.017159127,ZTF18actxrky
ztf,60505.36273150006,2751362733515015004,1,2751362733515,20.778,1,2751,0.234133,17.4549,17.4433,0.035754,0.0266,327.0869241,48.5371525,0.805714,t17_f5_c3,,17.423,0.0298,,False,True,False,24.5.1,0.0,2.771342003515015e+18,15.635904,100.0,0.0066946214,ZTF18actxrky
ztf,60505.408692100085,2751408693515025001,2,2751408693515,20.6691,1,2751,0.254462,16.6028,16.5693,0.103023,0.0168,327.0867766,48.5372331,0.624286,t17_f5_c3,,16.5539,0.0181,,False,True,True,24.5.1,0.0,2.771342003515015e+18,14.493978,0.0055066138,0.014770837,ZTF18actxrky
ztf,60508.333472200204,2754333473515015000,2,2754333473515,19.8929,1,2754,0.094443,16.4687,16.5291,0.111918,0.021,327.0869089,48.5371895,0.778571,t17_f5_c3,,16.5002,0.0241,,False,True,True,24.5.1,0.0,2.771342003515015e+18,14.473703,0.011686507,0.017819738,ZTF18actxrky
ztf,60510.346469900105,2756346463515015002,2,2756346463515,20.2578,1,2756,0.602501,16.7625,16.7969,0.085339,0.0239,327.0867639,48.5370602,0.735714,t17_f5_c3,,16.7947,0.0275,,False,True,True,24.5.1,0.0,2.786281234615015e+18,14.515482,100.0,0.010773082,ZTF18actxrky
ztf,60510.34694440011,2756346944615015005,2,2756346944615,20.369,1,2756,0.447444,16.6048,16.5879,0.100254,0.0191,327.0868918,48.5370811,0.724286,t17_f5_c3,,16.5636,0.0212,,False,True,True,24.5.1,0.0,2.786281234615015e+18,14.508814,100.0,0.014544798,ZTF18actxrky
ztf,60510.385833300184,2756385834615015002,1,2756385834615,19.6468,1,2756,0.28298,17.5678,17.4813,0.077833,0.0455,327.0868412,48.5371211,0.797143,t17_f5_c3,,17.4909,0.0568,,False,True,False,24.5.1,0.0,2.786281234615015e+18,15.664444,0.0052940487,0.013484076,ZTF18actxrky
ztf,60510.386782399844,2756386783515015000,1,2756386783515,19.8902,1,2756,0.441735,17.5893,17.594,0.137198,0.0487,327.0867051,48.5371865,0.441429,t17_f5_c3,,17.5531,0.058,,False,True,False,24.5.1,0.0,2.786281234615015e+18,15.659836,0.0152964,0.02320396,ZTF18actxrky
ztf,60513.32843750017,2759328434615015004,2,2759328434615,19.985,1,2759,0.114836,16.809,16.9022,0.108716,0.0303,327.0868771,48.5372374,0.658571,t17_f5_c3,,16.9067,0.036,,False,True,True,24.5.1,0.0,2.786281234615015e+18,14.536162,100.0,0.01340165,ZTF18actxrky
ztf,60513.38998840004,2759389984615015003,1,2759389984615,19.8003,1,2759,0.491408,17.7681,17.6585,0.081565,0.0604,327.086962,48.5370796,0.907143,t17_f5_c3,,17.5842,0.0707,,False,True,False,24.5.1,0.0,2.786281234615015e+18,15.696604,100.0,0.012103334,ZTF18actxrky
ztf,60515.326539400034,2761326534615015002,1,2761326534615,19.8009,1,2761,0.29696,17.9191,17.9176,0.083689,0.0786,327.0868457,48.5371181,0.882857,t17_f5_c3,,18.0301,0.1089,,False,True,False,24.5.1,0.0,2.786281234615015e+18,15.717726,100.0,0.011018408,ZTF18actxrky
ztf,60515.32701390004,2761327013515015000,1,2761327013515,19.6567,1,2761,0.6627,17.9525,17.8946,0.078517,0.0865,327.0868442,48.5370289,0.858571,t17_f5_c3,,17.8807,0.1074,,False,True,False,24.5.1,0.0,2.786281234615015e+18,15.713342,100.0,0.009983908,ZTF18actxrky
ztf,60518.35075230012,2764350754615015007,2,2764350754615,20.4339,1,2764,0.596908,17.0056,17.1521,0.091239,0.0298,327.0869443,48.5370465,0.711429,t17_f5_c3,,17.1272,0.0328,,False,True,True,24.5.1,0.0,2.786281234615015e+18,14.558559,100.0,0.0095799705,ZTF18actxrky
ztf,60518.42835649988,2764428353515015000,1,2764428353515,20.2647,1,2764,0.216191,18.1168,18.1216,0.145473,0.0614,327.0868178,48.537176,0.751429,t17_f5_c3,,18.0759,0.0714,,False,True,False,24.5.1,0.0,2.786281234615015e+18,15.732904,100.0,0.016189154,ZTF18actxrky
ztf,60520.32501159981,2766325014615015012,1,2766325014615,20.6915,1,2766,0.333685,18.0626,18.0986,0.077359,0.0461,327.0868587,48.5371078,0.891429,t17_f5_c3,,18.0732,0.0526,,False,True,False,24.5.1,0.0,2.786281234615015e+18,15.73557,100.0,0.009071915,ZTF18actxrky
ztf,60520.367916699965,2766367913515015005,2,2766367913515,20.696,1,2766,0.176746,17.4339,17.3659,0.099409,0.0322,327.0869604,48.5372124,0.63,t17_f5_c3,,17.3258,0.0342,,False,True,True,24.5.1,0.0,2.786281234615015e+18,14.580607,100.0,0.007179733,ZTF18actxrky
ztf,60522.345960599836,2768345964615015009,1,2768345964615,20.7765,1,2768,0.611834,18.2018,18.2025,0.098484,0.0508,327.0866281,48.5371306,0.86,t17_f5_c3,,18.1788,0.0575,,False,True,False,24.5.1,0.0,2.786281234615015e+18,15.750999,100.0,0.010304947,ZTF18actxrky
ztf,60522.34690969996,2768346903515015002,1,2768346903515,20.6123,1,2768,0.479504,18.4958,18.3029,0.199608,0.0605,327.0868101,48.5370885,0.631429,t17_f5_c3,,18.2676,0.0686,,False,True,False,24.5.1,0.0,2.786281234615015e+18,15.769104,100.0,0.016199427,ZTF18actxrky
ztf,60522.38640049985,2768386404615015005,2,2768386404615,20.6898,1,2768,0.499267,17.2557,17.2954,0.094338,0.0315,327.0868693,48.5370654,0.662857,t17_f5_c3,,17.26,0.0334,,False,True,True,24.5.1,0.0,2.786281234615015e+18,14.582272,100.0,0.008041101,ZTF18actxrky
ztf,60525.34200230008,2771342003515015003,1,2771342003515,20.552513,1,2771,1.3065736,18.85071,18.5072,0.14785121,0.072,327.0870679,48.5368659,0.33285713,t17_f5_c3,0.9621602,18.4562,0.0811,769120135.0,True,True,False,24.5.1,0.0,,15.793956,100.0,0.008853667,ZTF18actxrky
ztf,60531.32327549998,2777323273515025004,1,2777323273515,20.7976,1,2777,1.20466,18.758,18.7284,0.220544,0.0805,327.0871379,48.5369216,0.278571,t17_f5_c3,,18.6998,0.0908,,False,True,False,24.5.1,0.0,2.786281234615015e+18,15.788176,100.0,0.014307562,ZTF18actxrky
ztf,60536.30443290016,2782304433515025001,1,2782304433515,20.2895,1,2782,0.13821,18.4809,18.4099,0.16228,0.073,327.0869101,48.537249,0.647143,t17_f5_c3,,18.425,0.0893,,False,True,False,24.5.1,0.0,2.786281234615015e+18,15.767887,100.0,0.013337057,ZTF18actxrky
ztf,60536.32353009982,2782323534615025012,1,2782323534615,20.6967,1,2782,0.261662,18.3929,18.4748,0.088127,0.0631,327.0869043,48.5371355,0.881429,t17_f5_c3,,18.4716,0.0737,,False,True,False,24.5.1,0.0,2.786281234615015e+18,15.769491,100.0,0.007865844,ZTF18actxrky
ztf,60536.36858800007,2782368584615025002,2,2782368584615,20.2605,1,2782,0.302029,17.4217,17.5367,0.083991,0.042,327.0868384,48.5371233,0.824286,t17_f5_c3,,17.5362,0.0481,,False,True,True,24.5.1,0.0,2.786281234615015e+18,14.595472,100.0,0.0062193032,ZTF18actxrky
ztf,60536.369062500075,2782369063515025002,2,2782369063515,20.3928,1,2782,0.572149,17.6715,17.5474,0.07004,0.0404,327.0870228,48.5373417,0.574286,t17_f5_c3,,17.4895,0.0435,,False,True,True,24.5.1,0.0,2.786281234615015e+18,14.59613,100.0,0.00412286,ZTF18actxrky
ztf,60540.280277799815,2786280273515015007,2,2786280273515,20.1599,1,2786,0.329397,17.3023,17.2951,0.085544,0.0377,327.0867473,48.5371997,0.647143,t17_f5_c3,,17.2702,0.0432,,False,True,True,24.5.1,0.0,2.786281234615015e+18,14.570549,100.0,0.006910181,ZTF18actxrky
ztf,60540.28123839991,2786281234615015009,2,2786281234615,20.286661,1,2786,0.81676275,17.21359,17.1943,0.113477245,0.0328,327.0870456,48.5370155,0.7014286,t17_f5_c3,0.8843217,17.1771,0.0372,770120246.0,True,True,True,24.5.1,0.0,,14.578618,100.0,0.010021197,ZTF18actxrky
ztf,60608.17697919998,2854176973515015002,2,2854176973515,20.4737,1,2854,0.371936,17.7558,17.8218,0.156982,0.0516,327.0867544,48.5371501,0.63,t17_f5_c3,,17.749,0.0547,,False,True,False,25.0.0,0.0,2.882205924615015e+18,14.600915,100.0,0.008588077,ZTF18actxrky
ztf,60614.201330999844,2860201334615025004,2,2860201334615,20.5735,1,2860,0.524957,17.4291,17.3304,0.16896,0.0331,327.086678,48.5372937,0.552857,t17_f5_c3,,17.3026,0.0359,,False,True,False,25.0.0,0.0,2.882205924615015e+18,14.596018,100.0,0.012432291,ZTF18actxrky
ztf,60614.36935190018,2860369354615015004,1,2860369354615,19.7234,1,2860,0.484812,17.8745,18.0026,0.09524,0.079,327.0867932,48.5370715,0.951429,t17_f5_c3,,17.9724,0.0955,,False,True,False,25.0.0,0.0,2.882205924615015e+18,15.711748,0.0010146071,0.012993274,ZTF18actxrky
ztf,60616.09653940005,2862096533515015002,1,2862096533515,20.6205,1,2862,0.421323,18.2405,18.1468,0.14011,0.0506,327.0867789,48.5371216,0.841429,t17_f5_c3,,18.1527,0.0597,,False,True,False,25.0.0,0.0,2.882205924615015e+18,15.745995,100.0,0.014082085,ZTF18actxrky
ztf,60618.33318290021,2864333184615015016,2,2864333184615,19.0718,1,2864,0.793906,17.1928,16.7906,0.077549,0.0347,327.0867507,48.5369956,0.422857,t17_f5_c3,,16.7382,0.0403,,False,True,False,25.0.0,0.0,2.882205924615015e+18,14.576766,100.0,0.006968868,ZTF18actxrky
ztf,60619.13754629996,2865137543515015005,2,2865137543515,19.8813,1,2865,0.13789,17.0447,17.0196,0.106349,0.0316,327.0869252,48.5372341,0.738571,t17_f5_c3,,17.0037,0.0369,,False,True,False,25.0.0,0.0,2.882205924615015e+18,14.547315,100.0,0.010660539,ZTF18actxrky
ztf,60619.20609949995,2865206093515015004,1,2865206093515,20.0299,1,2865,0.600929,17.913,17.9027,0.090015,0.05,327.0866648,48.5371314,0.841429,t17_f5_c3,,17.9353,0.0625,,False,True,False,25.0.0,0.0,2.882205924615015e+18,15.708239,100.0,0.011814362,ZTF18actxrky
ztf,60620.13364579994,2866133644615015001,2,2866133644615,20.0862,1,2866,0.299778,17.0509,16.9086,0.259024,0.0304,327.0868926,48.5371237,0.601429,t17_f5_c3,,16.8867,0.0344,,False,True,False,25.0.0,0.0,2.882205924615015e+18,14.563228,0.016091667,0.02619819,ZTF18actxrky
ztf,60621.15283560008,2867152833515015002,1,2867152833515,19.8265,1,2867,0.313156,17.9549,17.7825,0.081169,0.0453,327.0867725,48.5371676,0.675714,t17_f5_c3,,17.7223,0.0522,,False,True,False,25.0.0,0.0,2.882205924615015e+18,15.713647,100.0,0.010301218,ZTF18actxrky
ztf,60622.09666670021,2868096664615015006,1,2868096664615,20.0896,1,2868,0.209664,17.6863,17.6602,0.053123,0.0409,327.0868338,48.5371446,0.918571,t17_f5_c3,,17.6158,0.0478,,False,True,False,25.0.0,0.0,2.882205924615015e+18,15.684069,100.0,0.008402144,ZTF18actxrky
ztf,60622.1801041998,2868180104615015000,2,2868180104615,20.1224,1,2868,0.22259,16.8531,16.7771,0.067044,0.0235,327.0868763,48.5371431,0.804286,t17_f5_c3,,16.7552,0.0267,,False,True,False,25.0.0,0.0,2.882205924615015e+18,14.541502,100.0,0.007974821,ZTF18actxrky
ztf,60623.130949100014,2869130943515015001,2,2869130943515,20.3377,1,2869,0.385468,16.8889,16.7997,0.097503,0.0223,327.0867513,48.5371464,0.784286,t17_f5_c3,,16.7639,0.0246,,False,True,False,25.0.0,0.0,2.882205924615015e+18,14.53065,100.0,0.0111100925,ZTF18actxrky
ztf,60625.14497689996,2871144974615015002,2,2871144974615,20.4013,1,2871,0.458127,16.7346,16.7663,0.127273,0.0205,327.0869315,48.5370838,0.645714,t17_f5_c3,,16.7764,0.0237,,False,True,False,25.0.0,0.0,2.882205924615015e+18,14.5267105,100.0,0.016656369,ZTF18actxrky
ztf,60625.14497689996,2871144974615015003,2,2871144974615,20.4013,1,2871,0.317434,16.582,16.6317,0.025201,0.0192,327.0868376,48.5371152,0.755714,t17_f5_c3,,16.6464,0.022,,False,True,False,25.0.0,0.0,2.882205924615015e+18,14.505477,100.0,0.0037222728,ZTF18actxrky
ztf,60625.17329860013,2871173293515015001,1,2871173293515,19.8892,1,2871,0.430618,17.697,17.5925,0.081694,0.0481,327.0867568,48.5371304,0.96,t17_f5_c3,,17.587,0.0593,,False,True,False,25.0.0,0.0,2.882205924615015e+18,15.677317,100.0,0.012715009,ZTF18actxrky
ztf,60625.173773100134,2871173774615015003,1,2871173774615,20.1214,1,2871,0.299892,17.6126,17.587,0.065942,0.0423,327.0867905,48.5371344,0.95,t17_f5_c3,,17.6434,0.0545,,False,True,False,25.0.0,0.0,2.882205924615015e+18,15.672074,100.0,0.011039557,ZTF18actxrky
ztf,60627.11380789988,2873113803515015000,2,2873113803515,19.4735,1,2873,0.121628,16.4759,16.4916,0.075091,0.0245,327.0868408,48.5372249,0.851429,t17_f5_c3,,16.4579,0.0289,,False,True,False,25.0.0,0.0,2.882205924615015e+18,14.474847,100.0,0.011889578,ZTF18actxrky
ztf,60627.18083330011,2873180834615015004,1,2873180834615,19.2582,1,2873,0.186023,17.3521,17.3952,0.073868,0.0499,327.0867898,48.5371894,0.872857,t17_f5_c3,,17.3625,0.0607,,False,True,False,25.0.0,0.0,2.882205924615015e+18,15.623873,0.009132197,0.015037138,ZTF18actxrky
ztf,60627.206736099906,2873206733515015001,1,2873206733515,19.2895,1,2873,0.397198,17.5638,17.5405,0.068781,0.0624,327.0867269,48.5371708,0.912857,t17_f5_c3,,17.5389,0.0785,,False,True,False,25.0.0,0.0,2.882205924615015e+18,15.655481,100.0,0.011861526,ZTF18actxrky
ztf,60627.26935190009,2873269354615015011,2,2873269354615,19.5916,1,2873,0.109566,16.572,16.5298,0.074304,0.0261,327.0869015,48.537207,0.798571,t17_f5_c3,,16.5172,0.0313,,False,True,False,25.0.0,0.0,2.882205924615015e+18,14.503994,100.0,0.011061386,ZTF18actxrky
ztf,60629.15634260001,2875156344615015003,2,2875156344615,19.8271,1,2875,0.297979,16.6005,16.5642,0.095847,0.0247,327.0868228,48.5371253,0.754286,t17_f5_c3,,16.5588,0.0295,,False,True,False,25.0.0,0.0,2.882205924615015e+18,14.508189,100.0,0.013952573,ZTF18actxrky
ztf,60629.18031249987,2875180314615015005,1,2875180314615,19.194,1,2875,0.26249,17.38,17.3231,0.056987,0.0583,327.0867634,48.5371686,0.934286,t17_f5_c3,,17.2976,0.0721,,False,True,False,25.0.0,0.0,2.882205924615015e+18,15.629494,100.0,0.011365112,ZTF18actxrky
ztf,60632.13612269983,2878136123515015001,1,2878136123515,20.0858,1,2878,0.32959,17.4306,17.397,0.084392,0.0362,327.0867726,48.5371636,0.885714,t17_f5_c3,,17.4113,0.0449,,False,True,False,25.0.0,0.0,2.882205924615015e+18,15.631312,100.0,0.016091133,ZTF18actxrky
ztf,60634.13979170006,2880139793515015001,1,2880139793515,20.0635,1,2880,0.273164,17.3941,17.379,0.066841,0.0355,327.0867884,48.5371783,0.958571,t17_f5_c3,,17.3308,0.0412,,False,True,False,25.0.0,0.0,2.882205924615015e+18,15.624258,100.0,0.013095014,ZTF18actxrky
ztf,60634.16424770001,2880164244615015003,1,2880164244615,20.4184,1,2880,0.180183,17.3865,17.3817,0.07154,0.0296,327.0868148,48.5371624,0.922857,t17_f5_c3,,17.3787,0.035,,False,True,False,25.0.0,0.0,2.882205924615015e+18,15.630787,0.007554433,0.014199206,ZTF18actxrky
ztf,60634.19706019992,2880197064615015000,2,2880197064615,19.5825,1,2880,0.201061,16.4392,16.2944,0.049931,0.0212,327.0868429,48.5371491,0.875714,t17_f5_c3,,16.2629,0.0247,,False,True,False,25.0.0,0.0,2.882205924615015e+18,14.483166,100.0,0.008240559,ZTF18actxrky
ztf,60636.1209028,2882120903515015000,2,2882120903515,20.3905,1,2882,0.293725,16.4338,16.4127,0.048851,0.0155,327.0868168,48.5371391,0.845714,t17_f5_c3,,16.3934,0.0171,,False,True,False,25.0.0,0.0,2.882205924615015e+18,14.468071,100.0,0.007990649,ZTF18actxrky
ztf,60636.20592590002,2882205924615015005,2,2882205924615,20.337603,1,2882,0.7741538,16.409403,16.9286,0.044711802,0.0222,327.0870674,48.5370396,0.49857143,t17_f5_c3,0.9993198,16.8674,0.0248,770120246.0,True,True,False,25.0.0,0.0,,14.478191,100.0,0.007549836,ZTF18actxrky
ztf,60843.45167820016,3089451674615015003,1,3089451674615,20.4858,1,3089,0.366037,18.0037,17.9902,0.090615,0.0479,327.0867807,48.5371175,0.872857,t17_f5_c3,,17.9469,0.0552,,False,True,False,27.5.6,0.0,3.117200943515015e+18,15.728495,100.0,0.011145971,ZTF18actxrky
ztf,60843.452152799815,3089452153515015001,1,3089452153515,20.1587,1,3089,0.444154,18.2937,18.3074,0.080291,0.0767,327.0868427,48.5370928,0.901429,t17_f5_c3,,18.2834,0.0919,,False,True,False,27.5.6,0.0,3.117200943515015e+18,15.7512245,100.0,0.0077210627,ZTF18actxrky
ztf,60846.44437499996,3092444373515015005,1,3092444373515,20.0424,1,3092,0.347909,18.0977,18.0847,0.05374,0.06,327.0869793,48.5371362,0.855714,t17_f5_c3,,18.0645,0.0717,,False,True,False,27.5.6,0.0,3.117200943515015e+18,15.7307625,100.0,0.0060746684,ZTF18actxrky
ztf,60846.44822920021,3092448224615015008,1,3092448224615,20.5639,1,3092,0.127594,17.9865,17.9565,0.070381,0.0431,327.086814,48.5371875,0.907143,t17_f5_c3,,17.9425,0.0502,,False,True,False,27.5.6,0.0,3.117200943515015e+18,15.726364,100.0,0.008778115,ZTF18actxrky
ztf,60848.40094910003,3094400943515015000,1,3094400943515,19.9905,1,3094,0.476368,18.15,17.9932,0.066582,0.0543,327.0868501,48.5370837,0.771429,t17_f5_c3,,18.0021,0.0662,,False,True,False,27.5.6,0.0,3.117200943515015e+18,15.736549,100.0,0.00721069,ZTF18actxrky
ztf,60848.42413190007,3094424134615015007,1,3094424134615,20.7704,1,3094,0.035795,17.9788,17.9217,0.058083,0.0388,327.0868489,48.5372064,0.901429,t17_f5_c3,,17.9207,0.0446,,False,True,False,27.5.6,0.0,3.117200943515015e+18,15.725401,100.0,0.007289362,ZTF18actxrky
ztf,60848.44945599977,3094449453515015001,2,3094449453515,19.8244,1,3094,0.356151,17.0452,16.9798,0.06724,0.0272,327.0870329,48.5371949,0.632857,t17_f5_c3,,16.9567,0.0309,,False,True,False,27.5.6,0.0,3.117200943515015e+18,14.547365,100.0,0.0067374203,ZTF18actxrky
ztf,60851.37190969987,3097371904615025008,2,3097371904615,20.762,1,3097,0.44679,17.0038,16.9939,0.08877,0.0236,327.0869677,48.5371026,0.705714,t17_f5_c3,,16.9786,0.0252,,False,True,False,27.5.6,0.0,3.117200943515015e+18,14.55837,100.0,0.009334573,ZTF18actxrky
ztf,60851.470335599966,3097470334615015005,2,3097470334615,20.6053,1,3097,0.222303,16.9361,17.0053,0.073326,0.0245,327.0868429,48.5371442,0.795714,t17_f5_c3,,16.9952,0.0268,,False,True,False,27.5.6,0.0,3.127393194615015e+18,14.551049,100.0,0.008151502,ZTF18actxrky
ztf,60853.32430560002,3099324303515025000,1,3099324303515,20.4896,1,3099,0.521965,18.0302,17.902,0.088928,0.0436,327.0869476,48.5370743,0.9,t17_f5_c3,,17.8965,0.051,,False,True,False,27.5.6,0.0,3.127393194615015e+18,15.7229185,100.0,0.010620044,ZTF18actxrky
ztf,60855.391574100126,3101391573515015000,1,3101391573515,20.2331,1,3101,0.435909,18.0878,17.8684,0.080664,0.0424,327.0867502,48.5371333,0.794286,t17_f5_c3,,17.8288,0.0485,,False,True,False,27.5.6,0.0,3.127393194615015e+18,15.729639,100.0,0.009192118,ZTF18actxrky
ztf,60855.43425930012,3101434253515015001,2,3101434253515,20.4985,1,3101,0.150452,16.8027,16.9788,0.109129,0.0239,327.0868392,48.5371843,0.614286,t17_f5_c3,,16.9397,0.0258,,False,True,False,27.5.6,0.0,3.127393194615015e+18,14.520475,100.0,0.013336755,ZTF18actxrky
ztf,60856.37997689983,3102379974615015002,2,3102379974615,20.5812,1,3102,0.266553,16.8036,16.8729,0.088382,0.0219,327.0867938,48.537144,0.711429,t17_f5_c3,,16.8834,0.0244,,False,True,False,27.5.6,0.0,3.127393194615015e+18,14.535495,100.0,0.010942629,ZTF18actxrky
ztf,60858.360960599966,3104360963515015004,1,3104360963515,20.671,1,3104,0.386446,17.8561,17.7782,0.084263,0.0354,327.0870026,48.5371342,0.914286,t17_f5_c3,,17.756,0.0402,,False,True,False,27.5.6,0.0,3.127393194615015e+18,15.700599,100.0,0.01157274,ZTF18actxrky
ztf,60858.37932869978,3104379324615015003,1,3104379324615,20.7186,1,3104,0.253449,17.7368,17.7647,0.063142,0.0337,327.0868411,48.5371304,0.897143,t17_f5_c3,,17.744,0.0383,,False,True,False,27.5.6,0.0,3.127393194615015e+18,15.691901,100.0,0.009601946,ZTF18actxrky
ztf,60858.427199100144,3104427193515015000,2,3104427193515,20.7943,1,3104,0.235581,16.8611,16.8777,0.088651,0.0207,327.0868425,48.5371468,0.692857,t17_f5_c3,,16.8629,0.0222,,False,True,False,27.5.6,0.0,3.127393194615015e+18,14.527446,100.0,0.010332902,ZTF18actxrky
ztf,60860.41260420019,3106412603515015000,1,3106412603515,20.8394,1,3106,0.253201,17.6993,17.7425,0.068291,0.032,327.0868673,48.5371456,0.888571,t17_f5_c3,,17.7201,0.0359,,False,True,False,27.5.6,0.0,3.127393194615015e+18,15.677674,100.0,0.010609941,ZTF18actxrky
ztf,60860.43028939981,3106430284615015008,1,3106430284615,20.9681,1,3106,0.246331,17.6009,17.6883,0.060382,0.0293,327.0868069,48.5371437,0.882857,t17_f5_c3,,17.6649,0.0323,,False,True,False,27.5.6,0.0,3.127393194615015e+18,15.670107,100.0,0.010199759,ZTF18actxrky
ztf,60864.427615699824,3110427613515015001,1,3110427613515,20.516,1,3110,0.362076,17.5529,17.5654,0.083492,0.0321,327.0868032,48.5371298,0.901429,t17_f5_c3,,17.5459,0.0371,,False,True,False,27.5.6,0.0,3.127393194615015e+18,15.653593,100.0,0.014518512,ZTF18actxrky
ztf,60866.39265049994,3112392653515025000,2,3112392653515,20.0942,1,3112,0.463973,16.5011,16.6088,0.057644,0.0217,327.0867862,48.5370949,0.748571,t17_f5_c3,,16.5595,0.0243,,False,True,False,27.5.6,0.0,3.127393194615015e+18,14.478798,100.0,0.00895021,ZTF18actxrky
ztf,60866.440520800184,3112440523515015001,1,3112440523515,19.7381,1,3112,0.347754,17.5572,17.5632,0.05024,0.0544,327.0867687,48.5371557,0.941429,t17_f5_c3,,17.5604,0.0678,,False,True,False,27.5.6,0.0,3.127393194615015e+18,15.65434,100.0,0.008707746,ZTF18actxrky
ztf,60867.32465279987,3113324654615015004,2,3113324654615,20.0427,1,3113,0.316412,16.4676,16.4696,0.061232,0.0195,327.086939,48.5371342,0.787143,t17_f5_c3,,16.4557,0.0226,,False,True,False,27.5.6,0.0,3.127393194615015e+18,14.487802,100.0,0.009886879,ZTF18actxrky
ztf,60867.35646989988,3113356464615015000,1,3113356464615,19.9241,1,3113,0.1296,17.407,17.4619,0.080453,0.0457,327.0868496,48.5371687,0.842857,t17_f5_c3,,17.3917,0.0533,,False,True,False,27.5.6,0.0,3.127393194615015e+18,15.634826,0.010086709,0.015727967,ZTF18actxrky
ztf,60869.22175930021,3115221753515015000,1,3115221753515,19.7817,1,3115,0.155991,17.4289,17.4078,0.095074,0.0476,327.0868413,48.5371852,0.911429,t17_f5_c3,,17.4278,0.0603,,False,True,False,27.5.6,0.0,3.127393194615015e+18,15.630988,0.006384776,0.018150857,ZTF18actxrky
ztf,60869.29546299996,3115295463515025000,2,3115295463515,19.7993,1,3115,0.124856,16.4315,16.4572,0.084774,0.0212,327.0868276,48.5371962,0.717143,t17_f5_c3,,16.4392,0.0249,,False,True,False,27.5.6,0.0,3.127393194615015e+18,14.467694,0.0037402993,0.013891232,ZTF18actxrky
ztf,60870.23885420011,3116238854615025003,1,3116238854615,19.5699,1,3116,0.105342,17.3382,17.3474,0.06127,0.0514,327.0868692,48.537172,0.948571,t17_f5_c3,,17.358,0.0647,,False,True,False,27.5.6,0.0,3.127393194615015e+18,15.621028,0.004098013,0.012600255,ZTF18actxrky
ztf,60870.433333300054,3116433334615015001,2,3116433334615,19.3058,1,3116,0.185522,16.3844,16.4158,0.066526,0.028,327.0868483,48.5371544,0.867143,t17_f5_c3,,16.3493,0.0324,,False,True,False,27.5.6,0.0,3.127393194615015e+18,14.473928,100.0,0.011449937,ZTF18actxrky
ztf,60871.200949099846,3117200943515015000,1,3117200943515,19.572323,1,3117,0.69154555,17.219587,17.2309,0.080884084,0.045,327.0871096,48.5370896,0.77,t17_f5_c3,0.9999564,17.1798,0.0525,769120135.0,True,True,False,27.5.6,0.0,,15.587787,0.007563189,0.01799463,ZTF18actxrky
ztf,60871.319004599936,3117319003515015000,2,3117319003515,19.5137,1,3117,0.363479,16.4115,16.4136,0.030961,0.027,327.0867634,48.5371454,0.817143,t17_f5_c3,,16.3503,0.0312,,False,True,False,27.5.6,0.0,3.147261893515015e+18,14.464393,100.0,0.005151949,ZTF18actxrky
ztf,60871.319004599936,3117319003515015001,2,3117319003515,19.5137,1,3117,0.399631,16.3574,16.8621,0.064145,0.0392,327.0868234,48.5371047,0.595714,t17_f5_c3,,16.7899,0.0456,,False,True,False,27.5.6,0.0,3.147261893515015e+18,14.455201,100.0,0.01112456,ZTF18actxrky
ztf,60872.23565969989,3118235654615015004,1,3118235654615,20.3927,1,3118,0.359541,17.2445,17.2102,0.068505,0.0281,327.0868859,48.5371022,0.832857,t17_f5_c3,,17.1913,0.0323,,False,True,False,27.5.6,0.0,3.147261893515015e+18,15.601087,0.009513576,0.015078473,ZTF18actxrky
ztf,60872.40766200004,3118407664615015002,2,3118407664615,20.2225,1,3118,0.216919,16.3515,16.4075,0.105109,0.0179,327.0869191,48.5371609,0.718571,t17_f5_c3,,16.3974,0.0203,,False,True,False,27.5.6,0.0,3.147261893515015e+18,14.468195,100.0,0.018548891,ZTF18actxrky
ztf,60873.24444440007,3119244443515015000,1,3119244443515,19.9404,1,3119,0.520492,17.3828,17.336,0.08551,0.0397,327.0870241,48.5371023,0.854286,t17_f5_c3,,17.3194,0.0472,,False,True,False,27.5.6,0.0,3.147261893515015e+18,15.622034,0.0011887803,0.016893165,ZTF18actxrky
ztf,60873.304236100055,3119304233515015000,2,3119304233515,20.1235,1,3119,0.474503,16.4345,16.3912,0.085873,0.0186,327.0867294,48.5371232,0.735714,t17_f5_c3,,16.3672,0.0209,,False,True,False,27.5.6,0.0,3.147261893515015e+18,14.468185,0.0042367913,0.014038834,ZTF18actxrky
ztf,60875.30914349994,3121309144615015003,1,3121309144615,20.6519,1,3121,0.086437,17.2747,17.3719,0.078006,0.025,327.0868741,48.5371782,0.912857,t17_f5_c3,,17.3609,0.0286,,False,True,False,27.5.6,0.0,3.147261893515015e+18,15.607663,0.011988531,0.016800145,ZTF18actxrky
ztf,60875.34584489977,3121345844615015010,2,3121345844615,20.5647,1,3121,0.387021,16.3263,16.5475,0.045313,0.0156,327.0869314,48.5371082,0.655714,t17_f5_c3,,16.5355,0.0173,,False,True,False,27.5.6,0.0,3.147261893515015e+18,14.463705,100.0,0.008150511,ZTF18actxrky
ztf,60875.34584489977,3121345844615015011,2,3121345844615,20.5647,1,3121,0.202418,16.2763,16.3496,0.018795,0.0142,327.0868796,48.5371512,0.76,t17_f5_c3,,16.334,0.0154,,False,True,False,27.5.6,0.0,3.147261893515015e+18,14.45454,100.0,0.0035102507,ZTF18actxrky
ztf,60876.326898099855,3122326893515015002,1,3122326893515,20.7859,1,3122,0.353252,17.3289,17.3802,0.071883,0.0243,327.0869067,48.5371161,0.927143,t17_f5_c3,,17.3727,0.0274,,False,True,False,27.5.6,0.0,3.147261893515015e+18,15.611172,100.0,0.014775263,ZTF18actxrky
ztf,60876.38062500022,3122380623515015000,2,3122380623515,20.6566,1,3122,0.128054,16.4215,16.3829,0.045925,0.0142,327.0868877,48.537172,0.792857,t17_f5_c3,,16.3738,0.0153,,False,True,False,27.5.6,0.0,3.147261893515015e+18,14.46605,100.0,0.007583494,ZTF18actxrky
ztf,60878.32125000004,3124321253515015000,2,3124321253515,20.3153,1,3124,0.117993,16.4295,16.3948,0.133017,0.0148,327.0869296,48.5371911,0.425714,t17_f5_c3,,16.3763,0.0162,,False,True,False,27.5.6,0.0,3.147261893515015e+18,14.467367,0.017253416,0.021829998,ZTF18actxrky
ztf,60878.36079860013,3124360793515015001,1,3124360793515,20.7753,1,3124,0.24928,17.3126,17.3648,0.061982,0.0231,327.0869254,48.5371488,0.928571,t17_f5_c3,,17.3438,0.0258,,False,True,False,27.5.6,0.0,3.147261893515015e+18,15.607801,100.0,0.012892778,ZTF18actxrky
ztf,60879.337233799975,3125337234615025005,1,3125337234615,20.6983,1,3125,0.217377,17.2386,17.3581,0.066868,0.0236,327.0867707,48.5372025,0.928571,t17_f5_c3,,17.3482,0.027,,False,True,False,27.5.6,0.0,3.147261893515015e+18,15.599786,0.009052194,0.014780622,ZTF18actxrky
ztf,60879.37101850007,3125371014615015002,2,3125371014615,20.1047,1,3125,0.244501,16.3472,16.3276,0.064081,0.0146,327.0869591,48.5371866,0.8,t17_f5_c3,,16.3071,0.0161,,False,True,False,27.5.6,0.0,3.147261893515015e+18,14.467435,100.0,0.011345483,ZTF18actxrky
ztf,60880.32368060015,3126323683515025001,1,3126323683515,20.804,1,3126,0.159553,17.3401,17.365,0.071676,0.0237,327.086834,48.5371839,0.888571,t17_f5_c3,,17.3554,0.0268,,False,True,False,27.5.6,0.0,3.147261893515015e+18,15.613464,100.0,0.014612344,ZTF18actxrky
ztf,60880.35846060002,3126358463515025000,2,3126358463515,20.7186,1,3126,0.202238,16.5531,16.3885,0.065449,0.014,327.0868011,48.5371959,0.724286,t17_f5_c3,,16.3703,0.0149,,False,True,False,27.5.6,0.0,3.147261893515015e+18,14.486711,100.0,0.009757691,ZTF18actxrky
ztf,60881.393194399774,3127393194615015002,2,3127393194615,20.842237,1,3127,0.7154706,16.442316,16.7639,0.05679195,0.0166,327.0869374,48.5370093,0.60571426,t17_f5_c3,0.99750406,16.7511,0.0181,770120246.0,True,True,False,27.5.6,0.0,,14.483679,100.0,0.0093504395,ZTF18actxrky
ztf,60881.393194399774,3127393194615015003,2,3127393194615,20.8422,1,3127,0.426698,16.3711,16.4324,0.019667,0.0142,327.0868571,48.5370839,0.732857,t17_f5_c3,,16.4234,0.0151,,False,True,False,27.5.6,0.0,3.147261893515015e+18,14.471628,100.0,0.0034193965,ZTF18actxrky
ztf,60881.42483799998,3127424834615015003,1,3127424834615,20.9801,1,3127,0.216746,17.3244,17.3963,0.052757,0.0228,327.0868476,48.5371408,0.914286,t17_f5_c3,,17.3716,0.0251,,False,True,False,27.5.6,0.0,3.147261893515015e+18,15.6181755,100.0,0.010959494,ZTF18actxrky
ztf,60883.344780100044,3129344784615015003,1,3129344784615,20.9819,1,3129,0.129658,17.3887,17.4275,0.068279,0.0232,327.0868537,48.537167,0.882857,t17_f5_c3,,17.4222,0.0261,,False,True,False,27.5.6,0.0,3.147261893515015e+18,15.631224,0.00619641,0.013529957,ZTF18actxrky
ztf,60884.32954860013,3130329543515015004,1,3130329543515,20.7938,1,3130,0.227053,17.4705,17.4952,0.076125,0.0262,327.0868703,48.5371518,0.924286,t17_f5_c3,,17.4974,0.03,,False,True,False,27.5.6,0.0,3.147261893515015e+18,15.638808,100.0,0.014088029,ZTF18actxrky
ztf,60884.37002310017,3130370023515015003,2,3130370023515,20.7002,1,3130,0.215237,16.5334,16.5093,0.06751,0.0151,327.0869349,48.5371583,0.762857,t17_f5_c3,,16.4912,0.0163,,False,True,False,27.5.6,0.0,3.147261893515015e+18,14.48375,100.0,0.010221357,ZTF18actxrky
ztf,60885.285486099776,3131285484615015008,1,3131285484615,20.898,1,3131,0.082019,17.4035,17.4295,0.072606,0.024,327.0868454,48.5371831,0.918571,t17_f5_c3,,17.4133,0.0268,,False,True,False,27.5.6,0.0,3.147261893515015e+18,15.63414,0.007554575,0.014230782,ZTF18actxrky
ztf,60885.32791669993,3131327914615015005,2,3131327914615,20.8138,1,3131,0.263051,16.3675,16.4834,0.067519,0.0147,327.0868734,48.5371316,0.741429,t17_f5_c3,,16.4637,0.0156,,False,True,False,27.5.6,0.0,3.147261893515015e+18,14.471002,100.0,0.011771353,ZTF18actxrky
ztf,60886.27532410016,3132275323515015003,1,3132275323515,20.6658,1,3132,0.502342,17.6173,17.6281,0.070671,0.0312,327.0869223,48.5370738,0.937143,t17_f5_c3,,17.6381,0.0366,,False,True,False,27.5.6,0.0,3.147261893515015e+18,15.664521,100.0,0.011698485,ZTF18actxrky
ztf,60886.304016199894,3132304013515015002,2,3132304013515,20.6977,1,3132,0.309393,16.673,16.6596,0.074451,0.0175,327.0868193,48.5371315,0.718571,t17_f5_c3,,16.6532,0.019,,False,True,False,27.5.6,0.0,3.147261893515015e+18,14.503768,100.0,0.010096657,ZTF18actxrky
ztf,60887.3092939998,3133309294615015004,1,3133309294615,20.769,1,3133,0.243935,17.4847,17.5149,0.050683,0.027,327.0868303,48.5371355,0.911429,t17_f5_c3,,17.4954,0.0304,,False,True,False,27.5.6,0.0,3.147261893515015e+18,15.649584,100.0,0.0093501005,ZTF18actxrky
ztf,60888.30047449982,3134300473515025001,2,3134300473515,20.8044,1,3134,0.665218,16.7223,16.7336,0.073635,0.0181,327.0867625,48.5370417,0.695714,t17_f5_c3,,16.7144,0.0193,,False,True,False,27.5.6,0.0,3.147261893515015e+18,14.510324,100.0,0.009600504,ZTF18actxrky
ztf,60888.36018519988,3134360183515025000,1,3134360183515,20.8525,1,3134,0.225252,17.6726,17.6794,0.083902,0.0301,327.0868661,48.5371526,0.894286,t17_f5_c3,,17.6668,0.0339,,False,True,False,27.5.6,0.0,3.147261893515015e+18,15.673483,100.0,0.01330839,ZTF18actxrky
ztf,60889.381018499844,3135381014615025009,1,3135381014615,21.052,1,3135,0.243066,17.5942,17.6425,0.081488,0.0271,327.0868235,48.5371383,0.86,t17_f5_c3,,17.6304,0.03,,False,True,False,27.5.6,0.0,3.147261893515015e+18,15.668972,0.006028785,0.013835739,ZTF18actxrky
ztf,60891.325659700204,3137325653515025004,2,3137325653515,20.1835,1,3137,0.15393,16.7424,16.7892,0.069129,0.0221,327.0869273,48.5371763,0.784286,t17_f5_c3,,16.7543,0.0246,,False,True,False,27.5.6,0.0,3.147261893515015e+18,14.512923,100.0,0.008868905,ZTF18actxrky
ztf,60892.38864579983,3138388644615015003,1,3138388644615,20.6509,1,3138,0.125083,17.7969,17.7866,0.077199,0.035,327.086847,48.537169,0.888571,t17_f5_c3,,17.8092,0.0416,,False,True,False,27.5.6,0.0,3.147261893515015e+18,15.7008295,100.0,0.011199107,ZTF18actxrky
ztf,60892.412199100014,3138412194615015006,2,3138412194615,20.6464,1,3138,0.386485,16.9613,16.9156,0.114213,0.0221,327.0868598,48.537097,0.698571,t17_f5_c3,,16.8767,0.0235,,False,True,False,27.5.6,0.0,3.147261893515015e+18,14.553822,100.0,0.012437249,ZTF18actxrky
ztf,60894.19730320014,3140197303515015000,1,3140197303515,19.6871,1,3140,0.741211,18.2072,18.1532,0.149537,0.1011,327.0868173,48.53701,0.591429,t17_f5_c3,,18.2207,0.1351,,False,True,False,27.5.6,0.0,3.147261893515015e+18,15.7426,100.0,0.015449316,ZTF18actxrky
ztf,60895.43199069984,3141431994615015001,1,3141431994615,19.6618,1,3141,0.289683,18.0007,17.9376,0.092521,0.0846,327.0867792,48.5371427,0.92,t17_f5_c3,,17.9065,0.1033,,False,True,False,27.5.6,0.0,3.147261893515015e+18,15.728126,100.0,0.0114080245,ZTF18actxrky
ztf,60898.2016551001,3144201654615015005,1,3144201654615,19.779,1,3144,0.361812,18.1924,18.1627,0.108777,0.0968,327.0870083,48.5371623,0.911429,t17_f5_c3,,18.1758,0.1228,,False,True,False,27.5.6,0.0,3.147261893515015e+18,15.750012,100.0,0.011470491,ZTF18actxrky
ztf,60898.41554399999,3144415543515015001,2,3144415543515,19.8495,1,3144,0.755523,17.5051,17.4873,0.110017,0.0555,327.0865739,48.537151,0.654286,t17_f5_c3,,17.4193,0.0631,,False,True,False,27.5.6,0.0,3.147261893515015e+18,14.585596,100.0,0.0074758083,ZTF18actxrky
ztf,60901.26189809991,3147261893515015001,1,3147261893515,20.109537,1,3147,1.1297252,18.52572,18.3828,0.12933426,0.0844,327.0869848,48.5369031,0.6585714,t17_f5_c3,0.98119104,18.3524,0.1007,769120135.0,True,True,False,27.5.6,0.0,,15.771502,100.0,0.010233546,ZTF18actxrky
ztf,60916.32381939981,3162323814615015008,1,3162323814615,20.9286,1,3162,0.274884,17.9658,18.2037,0.113484,0.0465,327.0868191,48.5371264,0.685714,t17_f5_c3,,18.2433,0.0551,,False,True,False,27.5.6,0.0,3.188199734615015e+18,15.723761,0.00596471,0.014391937,ZTF18actxrky
ztf,60918.28533559991,3164285334615025008,1,3164285334615,20.777,1,3164,0.327291,18.1795,18.163,0.088396,0.0475,327.0867357,48.5371762,0.91,t17_f5_c3,,18.1883,0.0563,,False,True,False,27.5.6,0.0,3.188199734615015e+18,15.748645,100.0,0.009420855,ZTF18actxrky
ztf,60922.41200229991,3168412004615025003,1,3168412004615,20.6198,1,3168,0.109332,17.9465,17.9528,0.067796,0.0445,327.0868339,48.5371762,0.861429,t17_f5_c3,,17.9809,0.0535,,False,True,False,27.5.6,0.0,3.188199734615015e+18,15.721294,100.0,0.008732157,ZTF18actxrky
ztf,60923.17905090004,3169179053515015002,1,3169179053515,19.8463,1,3169,0.845097,18.0329,18.1682,0.172569,0.0934,327.0867983,48.5369839,0.407143,t17_f5_c3,,18.2315,0.1238,,False,True,False,27.5.6,0.0,3.188199734615015e+18,15.723241,0.008983327,0.020563599,ZTF18actxrky
ztf,60923.266377300024,3169266373515015001,2,3169266373515,19.6285,1,3169,0.270176,17.0053,16.9813,0.104378,0.0398,327.0869701,48.5371601,0.651429,t17_f5_c3,,16.9494,0.0471,,False,True,False,27.5.6,0.0,3.188199734615015e+18,14.543301,100.0,0.010809584,ZTF18actxrky
ztf,60927.21644680016,3173216443515015001,2,3173216443515,19.8728,1,3173,0.339373,17.0385,17.0474,0.132001,0.0345,327.0868653,48.5371162,0.677143,t17_f5_c3,,16.9967,0.0396,,False,True,False,27.5.6,0.0,3.188199734615015e+18,14.546692,100.0,0.013300073,ZTF18actxrky
ztf,60927.325659700204,3173325653515015000,1,3173325653515,19.6644,1,3173,0.232144,18.093,17.9521,0.146348,0.0827,327.0868385,48.5371571,0.78,t17_f5_c3,,17.901,0.0993,,False,True,False,27.5.6,0.0,3.188199734615015e+18,15.73023,100.0,0.016606523,ZTF18actxrky
ztf,60928.24437499978,3174244374615015003,2,3174244374615,20.2105,1,3174,0.274683,16.9147,16.873,0.122765,0.0254,327.0868032,48.5371383,0.628571,t17_f5_c3,,16.8243,0.0281,,False,True,False,27.5.6,0.0,3.188199734615015e+18,14.548649,100.0,0.01388847,ZTF18actxrky
ztf,60928.28922449984,3174289224615015007,1,3174289224615,20.1823,1,3174,0.139543,18.0311,17.9414,0.107754,0.0584,327.0868358,48.5371667,0.904286,t17_f5_c3,,17.8772,0.0678,,False,True,False,27.5.6,0.0,3.188199734615015e+18,15.731828,100.0,0.012963577,ZTF18actxrky
ztf,60929.244965299964,3175244963515015002,2,3175244963515,20.0786,1,3175,0.702511,17.1581,16.9828,0.093237,0.031,327.0866134,48.5372884,0.69,t17_f5_c3,,16.9614,0.0358,,False,True,False,27.5.6,0.0,3.188199734615015e+18,14.558163,100.0,0.008503807,ZTF18actxrky
ztf,60929.29451389983,3175294513515015001,1,3175294513515,19.8309,1,3175,0.417674,18.0903,18.0944,0.111969,0.0835,327.086721,48.5371804,0.917143,t17_f5_c3,,18.0941,0.1043,,False,True,False,27.5.6,0.0,3.188199734615015e+18,15.729923,100.0,0.012733486,ZTF18actxrky
ztf,60930.405150500126,3176405154615015000,1,3176405154615,20.1726,1,3176,0.470069,18.0561,17.9219,0.087097,0.0581,327.0868172,48.5370727,0.911429,t17_f5_c3,,17.9218,0.0712,,False,True,False,27.5.6,0.0,3.188199734615015e+18,15.734805,100.0,0.01026798,ZTF18actxrky
ztf,60932.21515050018,3178215153515015006,2,3178215153515,20.7129,1,3178,0.440906,16.9822,17.0132,0.069121,0.0237,327.0868134,48.5370931,0.695714,t17_f5_c3,,16.994,0.0256,,False,True,False,27.5.6,0.0,3.188199734615015e+18,14.540885,100.0,0.0072959843,ZTF18actxrky
ztf,60932.28425930021,3178284253515015001,1,3178284253515,20.3597,1,3178,0.157218,17.9888,17.914,0.134032,0.0461,327.0868609,48.5371735,0.621429,t17_f5_c3,,17.8997,0.0542,,False,True,False,27.5.6,0.0,3.188199734615015e+18,15.717891,100.0,0.016551781,ZTF18actxrky
ztf,60933.263414400164,3179263414615025004,1,3179263414615,20.9665,1,3179,0.272442,17.8537,17.8477,0.135215,0.0335,327.0867658,48.5371658,0.827143,t17_f5_c3,,17.8415,0.0378,,False,True,False,27.5.6,0.0,3.188199734615015e+18,15.708887,0.013594404,0.01875424,ZTF18actxrky
ztf,60934.25569440005,3180255693515015002,2,3180255693515,20.7703,1,3180,0.182208,17.0766,16.9564,0.17992,0.0222,327.0868382,48.537166,0.62,t17_f5_c3,,16.9264,0.0235,,False,True,False,27.5.6,0.0,3.188199734615015e+18,14.55047,0.010002177,0.017564189,ZTF18actxrky
ztf,60934.30217589997,3180302173515015001,1,3180302173515,20.7109,1,3180,0.328462,17.7439,17.8445,0.101597,0.0371,327.0868472,48.5371257,0.848571,t17_f5_c3,,17.8454,0.0432,,False,True,False,27.5.6,0.0,3.188199734615015e+18,15.6844845,100.0,0.015244549,ZTF18actxrky
ztf,60938.27784720017,3184277843515015002,1,3184277843515,20.7534,1,3184,0.356611,17.6287,17.6288,0.070881,0.0299,327.0869219,48.5371164,0.918571,t17_f5_c3,,17.5946,0.0335,,False,True,False,27.5.6,0.0,3.188199734615015e+18,15.6664,100.0,0.011630803,ZTF18actxrky
ztf,60938.34797450015,3184347973515015001,2,3184347973515,20.4524,1,3184,0.368282,16.7022,16.6877,0.059951,0.0192,327.0867461,48.5371574,0.791429,t17_f5_c3,,16.6699,0.0212,,False,True,False,27.5.6,0.0,3.188199734615015e+18,14.507682,100.0,0.007943087,ZTF18actxrky
ztf,60939.21420140006,3185214204615015010,2,3185214204615,20.5855,1,3185,0.338885,16.5779,16.5764,0.111499,0.017,327.0868758,48.5371119,0.672857,t17_f5_c3,,16.5513,0.0183,,False,True,False,27.5.6,0.0,3.188199734615015e+18,14.50487,100.0,0.016521864,ZTF18actxrky
ztf,60939.32616900001,3185326164615015010,1,3185326164615,20.8775,1,3185,0.275913,17.5566,17.6196,0.072857,0.0286,327.0868296,48.5371269,0.904286,t17_f5_c3,,17.6324,0.033,,False,True,False,27.5.6,0.0,3.188199734615015e+18,15.662496,0.0029683723,0.012730025,ZTF18actxrky
ztf,60941.198368099984,3187198363515015003,2,3187198363515,19.9231,1,3187,0.130974,16.6686,16.5165,0.093257,0.0187,327.0868905,48.5371734,0.611429,t17_f5_c3,,16.4948,0.0213,,False,True,False,27.5.6,0.0,3.188199734615015e+18,14.50317,100.0,0.012691399,ZTF18actxrky
ztf,60941.28410879988,3187284103515015004,1,3187284103515,20.5284,1,3187,0.031834,17.5295,17.5401,0.082616,0.0306,327.0868897,48.5372069,0.924286,t17_f5_c3,,17.5195,0.0353,,False,True,False,27.5.6,0.0,3.188199734615015e+18,15.6494875,100.0,0.01462378,ZTF18actxrky
ztf,60942.19973379979,3188199734615015018,2,3188199734615,20.639183,1,3188,0.63545936,16.52993,16.7128,0.05832478,0.0177,327.0870128,48.5370568,0.56285715,t17_f5_c3,0.9987482,16.6944,0.0195,770120246.0,True,True,False,27.5.6,0.0,,14.497627,100.0,0.008972879,ZTF18actxrky
