tid,mjd,candid,fid,pid,diffmaglim,isdiffpos,nid,distnr,magpsf,magpsf_corr,magap,sigmapsf,sigmapsf_corr,sigmapsf_corr_ext,sigmagap,ra,dec,rb,rbversion,drb,magapbig,sigmagapbig,rfid,has_stamp,corrected,dubious,step_id_corr,phase,parent_candid,oid
ztf,58582.41998839984,828419982815015033,2,828419982815,20.002922,1,828,0.40684336,17.923376,17.613476,18.0047,0.07485585,0.055471767,0.056268547,0.0616,274.4009774,-17.6946763,0.63857144,t15_f5_c3,0.0,17.9264,0.0732,333120228.0,False,True,False,bulk_1.0.0,0.0,8.54482372815015e+17,ZTF19aapqhsa
ztf,58588.41674769996,834416742815015029,2,834416742815,20.100985,1,834,0.42475933,17.789146,17.51106,17.9282,0.08702868,0.06681456,0.06736401,0.0571,274.400974,-17.6946498,0.42857143,t15_f5_c3,0.0,18.0132,0.0788,333120228.0,False,True,False,bulk_1.0.0,0.0,8.54482372815015e+17,ZTF19aapqhsa
ztf,58592.3971644002,838397162815015065,2,838397162815,18.54043,1,838,0.43847063,17.802092,17.521067,18.039,0.10076095,0.07729834,0.07778258,0.1988,274.4009683,-17.6947009,0.42285714,t15_f5_c3,0.0,18.1045,0.2713,333120228.0,False,True,False,bulk_1.0.0,0.0,8.54482372815015e+17,ZTF19aapqhsa
ztf,58593.41871530004,839418712815015024,2,839418712815,19.03284,1,839,0.29934502,17.674137,17.420994,17.79,0.0738304,0.05793953,0.058476005,0.1096,274.4010092,-17.6946769,0.6242857,t15_f5_c3,0.0,17.708,0.1305,333120228.0,False,True,False,bulk_1.0.0,0.0,8.54482372815015e+17,ZTF19aapqhsa
ztf,58605.438877299894,851438872815015040,2,851438872815,20.501492,1,851,0.5120655,17.604534,17.365503,17.6792,0.054960657,0.043456078,0.044100072,0.0337,274.4009465,-17.6946635,0.46714285,t15_f5_c3,0.0,17.7176,0.044,333120228.0,False,True,False,bulk_1.0.0,0.0,8.54482372815015e+17,ZTF19aapqhsa
ztf,58607.35738429986,853357382815015034,2,853357382815,20.209364,1,853,0.42241523,17.562803,17.331892,17.7157,0.079876505,0.06416182,0.06457353,0.0414,274.4009725,-17.6946794,0.50714284,t15_f5_c3,0.0,17.6735,0.0504,333120228.0,False,True,False,bulk_1.0.0,0.0,8.54482372815015e+17,ZTF19aapqhsa
ztf,58608.48237269977,854482372815015051,2,854482372815,20.466845,1,854,0.5468334,17.573204,17.340292,17.6763,0.06743377,0.053917386,0.05441426,0.0337,274.4009388,-17.6946622,0.55285716,t15_f5_c3,0.0,17.6507,0.0414,333120228.0,False,True,False,bulk_1.0.0,0.0,8.80334182815015e+17,ZTF19aapqhsa
ztf,58634.33418980008,880334182815015043,2,880334182815,20.828617,1,880,0.51524246,17.967552,17.646513,18.1137,0.08444505,0.06207126,0.06282882,0.0404,274.4009462,-17.6946635,0.8914286,t17_f5_c3,0.0,18.1708,0.0538,333120228.0,False,True,False,bulk_1.0.0,0.0,8.89275682815015e+17,ZTF19aapqhsa
ztf,58643.2756829001,889275682815015033,2,889275682815,20.062555,1,889,0.4577075,18.075428,17.725739,18.1788,0.070673645,0.050132863,0.051213183,0.0693,274.4009634,-17.6946682,0.91571426,t17_f5_c3,0.0,18.2151,0.0915,333120228.0,False,True,False,bulk_1.0.0,0.0,9.07313532815015e+17,ZTF19aapqhsa
ztf,58644.29487269977,890294872815015006,2,890294872815,19.71109,1,890,0.5137894,18.085485,17.733017,18.2556,0.074703455,0.052957486,0.05399499,0.0959,274.4009453,-17.6946863,0.8971428,t17_f5_c3,0.0,18.254,0.1225,333120228.0,False,True,False,bulk_1.0.0,0.0,9.07313532815015e+17,ZTF19aapqhsa
ztf,58649.274189800024,895274182815015010,2,895274182815,19.184208,1,895,0.40960938,18.206173,17.818884,18.3726,0.09620392,0.06636849,0.0673406,0.1771,274.4009764,-17.6946956,0.8814286,t17_f5_c3,0.0,18.2476,0.2028,333120228.0,False,True,False,bulk_1.0.0,0.0,9.07313532815015e+17,ZTF19aapqhsa
ztf,58657.37585650012,903375852815015021,2,903375852815,19.56533,1,903,0.5835237,18.43379,17.973064,18.4389,0.09687809,0.06200035,0.06337755,0.1143,274.4009227,-17.6946869,0.7885714,t17_f5_c3,0.9998915,18.3657,0.1369,333120228.0,False,True,False,bulk_1.0.0,0.0,9.07313532815015e+17,ZTF19aapqhsa
ztf,58661.313530100044,907313532815015021,2,907313532815,20.444595,1,907,0.53374326,18.426186,17.968084,18.5604,0.08556956,0.054569174,0.05611496,0.0708,274.4009453,-17.6946487,0.88714284,t17_f5_c3,0.9998588,18.4695,0.0833,333120228.0,False,True,False,bulk_1.0.0,0.0,9.143145328150152e+17,ZTF19aapqhsa
ztf,58668.31453699991,914314532815015120,2,914314532815,20.279875,1,914,0.5177447,18.551676,18.048721,18.6369,0.09744292,0.05967472,0.061315294,0.0851,274.4009463,-17.6946723,0.78571427,t17_f5_c3,0.9997767,18.6376,0.109,333120228.0,False,True,False,bulk_1.0.0,0.0,9.22273852815015e+17,ZTF19aapqhsa
ztf,58673.229259300046,919229252815015070,2,919229252815,20.619745,1,919,0.4280438,18.749949,18.169199,18.8718,0.1078828,0.06119832,0.06319058,0.0889,274.4009706,-17.6946785,0.86285716,t17_f5_c3,0.9998324,19.0706,0.1361,333120228.0,False,True,False,bulk_1.0.0,0.0,9.22273852815015e+17,ZTF19aapqhsa
ztf,58675.26792819984,921267922815015046,2,921267922815,20.295382,1,921,0.46699888,18.795238,18.195498,18.6019,0.10175499,0.056303423,0.058567826,0.0897,274.4009606,-17.6946761,0.79714286,t17_f5_c3,0.99855816,18.5251,0.1074,333120228.0,False,True,False,bulk_1.0.0,0.0,9.22273852815015e+17,ZTF19aapqhsa
ztf,58676.2738541998,922273852815015058,2,922273852815,19.602755,1,922,0.52003354,18.601503,18.079807,18.4631,0.1085841,0.0655729,0.06715651,0.1316,274.4009453,-17.6946848,0.83285713,t17_f5_c3,0.9999934,18.5787,0.1878,333120228.0,False,True,False,bulk_1.0.0,0.0,9.23251402815015e+17,ZTF19aapqhsa
ztf,58677.25140050007,923251402815015030,2,923251402815,19.796385,1,923,0.39783928,18.813091,18.205736,18.9489,0.13855438,0.077499814,0.079191476,0.1889,274.4009828,-17.6946599,0.79,t17_f5_c3,0.99997663,19.1854,0.3013,333120228.0,True,True,False,bulk_1.0.0,0.0,0.0,ZTF19aapqhsa
ztf,59095.15021990007,1341150212815015072,2,1341150212815,19.553736,1,1341,0.5549708,17.920956,17.611656,18.2513,0.098399326,0.07340496,0.074006915,0.1146,274.4009339,-17.6946586,0.78,t17_f5_c3,0.999995,18.2325,0.1445,333120228.0,True,True,False,bulk_1.0.0,0.0,0.0,ZTF19aapqhsa
ztf,59135.12640050007,1381126402815015062,2,1381126402815,19.772512,1,1381,0.5031105,16.608852,16.506918,16.7524,0.05330245,0.048406266,0.048525892,0.0232,274.400949,-17.6946755,0.82714283,t17_f5_c3,0.9999976,16.7503,0.0292,333120228.0,True,True,False,bulk_1.0.0,0.0,0.0,ZTF19aapqhsa
ztf,59302.463958300184,1548463952815015026,2,1548463952815,19.1934,1,1548,0.32189,19.3592,18.483776,19.1501,0.221118,0.096464925,0.09873122,0.3628,274.4010171,-17.6946381,0.788571,t17_f5_c3,,19.487,0.6368,,False,True,False,correction_0.0.1,0.0,,ZTF19aapqhsa
ztf,59310.48840280017,1556488402815015035,2,1556488402815,19.866594,1,1556,0.5234076,19.665276,18.609919,19.9581,0.19609833,0.07032577,0.074187614,0.3707,274.4009442,-17.6946631,0.68857145,t17_f5_c3,0.9999119,19.6877,0.3712,333120228.0,True,True,False,correction_0.0.1,0.0,,ZTF19aapqhsa
ztf,59670.46362269996,1916463622815015071,2,1916463622815,20.416943,1,1916,0.48274472,16.714884,16.603014,16.7457,0.04199115,0.037696853,0.037879996,0.0155,274.4009543,-17.6946741,0.8957143,t17_f5_c3,0.9999982,16.7515,0.0193,333120228.0,True,True,False,correction_1.0.6,0.0,,ZTF19aapqhsa
ztf,59670.46362269996,1916463622815025054,2,1916463622815,20.4138,1,1916,0.483399,16.7139,16.602127,16.744,0.042016,0.037723057,0.037905775,0.0156,274.4009541,-17.6946743,0.884286,t17_f5_c3,,16.7512,0.0193,,False,True,False,correction_1.0.6,0.0,1.9393998728150152e+18,ZTF19aapqhsa
ztf,59674.47545140004,1920475452815015055,2,1920475452815,19.630857,1,1920,0.48861316,16.763922,16.647152,16.8416,0.054003343,0.04834173,0.048496768,0.0255,274.4009534,-17.6946746,0.8242857,t17_f5_c3,0.9999999,16.8439,0.0322,333120228.0,True,True,False,correction_1.0.6,0.0,,ZTF19aapqhsa
ztf,59684.4209143999,1930420912815015022,2,1930420912815,19.213346,1,1930,0.41630787,16.944696,16.808054,17.0904,0.05780158,0.050767727,0.05096622,0.0474,274.4009694,-17.6946942,0.89,t17_f5_c3,1.0,17.0629,0.0591,333120228.0,True,True,False,correction_1.0.6,0.0,,ZTF19aapqhsa
ztf,59687.41539350012,1933415392815015027,2,1933415392815,18.854221,1,1933,0.456211,16.965435,16.826319,17.0154,0.053756665,0.04707047,0.047291793,0.0612,274.4009641,-17.6946761,0.88714284,t17_f5_c3,1.0,17.0599,0.0818,333120228.0,True,True,False,correction_1.0.6,0.0,,ZTF19aapqhsa
ztf,59693.39987270022,1939399872815015079,2,1939399872815,19.417765,1,1939,0.49517387,17.234793,17.059519,17.1813,0.05667934,0.04789596,0.048229802,0.038,274.4009531,-17.6947127,0.61,t17_f5_c3,0.9998413,17.1731,0.0479,333120228.0,True,True,False,correction_1.0.6,0.0,,ZTF19aapqhsa
ztf,59698.4615162001,1944461512815015075,2,1944461512815,19.87708,1,1944,0.5434192,17.208715,17.03729,17.2418,0.061075043,0.05185858,0.05215473,0.0315,274.4009394,-17.6946704,0.86285716,t17_f5_c3,0.99999726,17.2244,0.0393,333120228.0,True,True,False,correction_1.0.6,0.0,,ZTF19aapqhsa
ztf,59707.4177778,1953417772815015089,2,1953417772815,19.976582,1,1953,0.49036336,17.400368,17.198751,17.489,0.06036583,0.04972011,0.05013544,0.0307,274.4009526,-17.694704,0.6342857,t17_f5_c3,0.9993342,17.4486,0.0374,333120228.0,True,True,False,correction_1.0.6,0.0,,ZTF19aapqhsa
ztf,59709.41832179995,1955418322815015059,2,1955418322815,20.205332,1,1955,0.50031435,17.436255,17.228474,17.5433,0.063472085,0.051997192,0.052416746,0.0346,274.4009484,-17.6946821,0.8842857,t17_f5_c3,0.99999964,17.5622,0.0446,333120228.0,True,True,False,correction_1.0.6,0.0,,ZTF19aapqhsa
ztf,59719.41891200002,1965418912815015031,2,1965418912815,19.199121,1,1965,0.46205494,17.677452,17.423618,17.6174,0.06463749,0.05054536,0.051162392,0.072,274.4009585,-17.6946796,0.7785714,t17_f5_c3,0.99999976,17.5075,0.0834,333120228.0,True,True,False,correction_1.0.6,0.0,,ZTF19aapqhsa
ztf,59719.48733799998,1965487332815015047,2,1965487332815,18.932745,1,1965,0.635804,17.661938,17.41132,17.7024,0.07111297,0.05590889,0.056454893,0.0913,274.4009105,-17.6946673,0.63,t17_f5_c3,0.99999756,17.6751,0.1142,333120228.0,True,True,False,correction_1.0.6,0.0,,ZTF19aapqhsa
ztf,59724.41850689985,1970418502815015063,2,1970418502815,20.252733,1,1970,0.55761266,17.808775,17.526222,17.8809,0.06509626,0.049419325,0.050180506,0.0443,274.4009373,-17.694655,0.8914286,t17_f5_c3,0.99999976,17.8606,0.0553,333120228.0,True,True,False,correction_1.0.6,0.0,,ZTF19aapqhsa
ztf,59729.440555599984,1975440552815015057,2,1975440552815,20.200302,1,1975,0.57399774,17.862444,17.567358,17.8729,0.0625604,0.046806578,0.047672182,0.0455,274.40093,-17.6946729,0.8842857,t17_f5_c3,0.99999976,17.8686,0.0577,333120228.0,True,True,False,1.1.2,0.0,,ZTF19aapqhsa
ztf,59732.441145800054,1978441142815015045,2,1978441142815,20.39124,1,1978,0.57253695,17.939941,17.625904,17.9333,0.06258934,0.0458869,0.046868984,0.0432,274.4009285,-17.694674,0.8957143,t17_f5_c3,0.9999987,17.9796,0.0572,333120228.0,True,True,False,1.1.2,0.0,,ZTF19aapqhsa
ztf,59734.44126159977,1980441262815015037,2,1980441262815,20.053879,1,1980,0.58333856,17.97628,17.653002,18.0482,0.071844295,0.052438162,0.053343393,0.0656,274.4009238,-17.6946861,0.91714287,t17_f5_c3,0.99999416,17.9724,0.0781,333120228.0,True,True,False,1.1.2,0.0,,ZTF19aapqhsa
ztf,59739.29429400014,1985294292815015038,2,1985294292815,20.153028,1,1985,0.517363,18.046377,17.70461,18.1699,0.08236673,0.05924137,0.060123593,0.0654,274.4009443,-17.6946853,0.8914286,t17_f5_c3,0.99999666,18.0815,0.077,333120228.0,True,True,False,1.1.2,0.0,,ZTF19aapqhsa
ztf,59741.35775459977,1987357752815015031,2,1987357752815,19.614092,1,1987,0.5911122,18.080452,17.729378,18.206,0.08591914,0.06128861,0.062181316,0.1058,274.4009252,-17.6946537,0.89428574,t17_f5_c3,1.0,18.2857,0.1459,333120228.0,True,True,False,1.1.2,0.0,,ZTF19aapqhsa
ztf,59743.29395829979,1989293952815015023,2,1989293952815,18.996574,1,1989,0.52922803,18.216524,17.826118,18.3209,0.09312559,0.063977726,0.06499902,0.1715,274.4009525,-17.6946298,0.7757143,t17_f5_c3,0.99999094,18.3044,0.217,333120228.0,True,True,False,1.1.2,0.0,,ZTF19aapqhsa
ztf,59747.373749999795,1993373742815015009,2,1993373742815,19.715042,1,1993,0.5839124,18.194265,17.810535,18.2525,0.08163167,0.056200515,0.05732795,0.0981,274.4009236,-17.6946858,0.86142856,t17_f5_c3,0.9999999,18.2389,0.1242,333120228.0,True,True,False,1.1.2,0.0,,ZTF19aapqhsa
ztf,59749.37469909992,1995374692815015053,2,1995374692815,19.819275,1,1995,0.5926929,18.192068,17.80899,18.2373,0.065644056,0.04472315,0.046127997,0.0867,274.4009227,-17.6946747,0.88857144,t17_f5_c3,0.99999976,18.2192,0.1092,333120228.0,True,True,False,1.1.2,0.0,,ZTF19aapqhsa
ztf,59751.3823958002,1997382392815015057,2,1997382392815,20.020348,1,1997,0.46907857,18.269405,17.862755,18.4418,0.081757575,0.05494938,0.056217026,0.0882,274.4009601,-17.694676,0.8457143,t17_f5_c3,0.9999997,18.3975,0.1084,333120228.0,True,True,False,1.1.2,0.0,,ZTF19aapqhsa
ztf,59756.37354170019,2002373542815015102,2,2002373542815,20.069439,1,2002,0.51716125,18.277752,17.868486,18.2352,0.07275413,0.048458043,0.04990589,0.0683,274.4009486,-17.6946535,0.8242857,t17_f5_c3,0.99999297,18.2637,0.0896,333120228.0,True,True,False,1.1.2,0.0,,ZTF19aapqhsa
ztf,59762.379201400094,2008379202815015044,2,2008379202815,20.231993,1,2008,0.65009373,18.493362,18.011665,18.5403,0.07994913,0.049462173,0.05130207,0.083,274.4009085,-17.6946552,0.9085714,t17_f5_c3,0.9999999,18.6038,0.1125,333120228.0,True,True,False,1.1.2,0.0,,ZTF19aapqhsa
ztf,59774.31388889998,2020313882815015018,2,2020313882815,18.406483,1,2020,0.7080005,18.45962,17.989893,18.5337,0.18812157,0.12132102,0.12205285,0.32,274.4009325,-17.6948099,0.54142857,t17_f5_c3,0.96829903,18.2483,0.3164,333120228.0,True,True,False,dev,0.0,,ZTF19aapqhsa
ztf,59783.3582870001,2029358282815015048,2,2029358282815,20.37138,1,2029,0.56441414,18.779037,18.186142,19.1301,0.11485101,0.06457353,0.06652377,0.1308,274.4009328,-17.6946603,0.7714286,t17_f5_c3,0.99990296,19.2594,0.1888,333120228.0,True,True,False,dev,0.0,,ZTF19aapqhsa
ztf,59785.293807900045,2031293802815015034,2,2031293802815,19.619816,1,2031,0.5819401,18.845905,18.224371,18.8035,0.13059136,0.0717857,0.07367165,0.1911,274.4009317,-17.6946393,0.82714283,t17_f5_c3,0.9936215,18.6559,0.2143,333120228.0,True,True,False,dev,0.0,,ZTF19aapqhsa
ztf,59787.294652800076,2033294652815015062,2,2033294652815,20.117842,1,2033,0.55487263,18.81803,18.208557,18.8171,0.09269294,0.050293226,0.05287586,0.1183,274.4009333,-17.6946938,0.8442857,t17_f5_c3,0.9999813,18.6282,0.1276,333120228.0,True,True,False,dev,0.0,,ZTF19aapqhsa
ztf,59789.25193289993,2035251932815015039,2,2035251932815,19.956182,1,2035,0.60240996,18.94473,18.27901,18.9677,0.114344425,0.059434127,0.06193374,0.1518,274.4009379,-17.6946205,0.87142855,t17_f5_c3,0.99999464,18.9061,0.1843,333120228.0,True,True,False,dev,0.0,,ZTF19aapqhsa
ztf,59809.2964583002,2055296452815015035,2,2055296452815,19.625555,1,2055,0.748553,19.294159,18.454252,19.3356,0.1666301,0.07410101,0.07687598,0.284,274.4008766,-17.6946856,0.8685714,t17_f5_c3,0.9995681,19.1142,0.2973,333120228.0,True,True,False,dev,0.0,,ZTF19aapqhsa
ztf,59814.23074069992,2060230742815015035,2,2060230742815,20.048946,1,2060,0.58195263,19.393324,18.49888,19.2527,0.13845049,0.056878906,0.060745895,0.1826,274.4009257,-17.6946728,0.79571426,t17_f5_c3,0.99998224,19.344,0.2547,333120228.0,True,True,False,dev,0.0,,ZTF19aapqhsa
ztf,59816.16862270003,2062168622815015038,2,2062168622815,20.328342,1,2062,0.60136056,19.535603,18.559023,20.2743,0.15418158,0.058528304,0.06271926,0.3846,274.4009256,-17.6947317,0.5442857,t17_f5_c3,0.99402213,19.8678,0.3397,333120228.0,True,True,False,dev,0.0,,ZTF19aapqhsa
ztf,60061.477592600044,2307477592815015048,2,2307477592815,20.2995,1,2307,0.641763,19.9412,18.706247,19.9566,0.228102,0.0684313,0.07313885,0.2846,274.4009171,-17.6946321,0.692857,t17_f5_c3,,19.9523,0.3671,,False,True,False,1.2.0,0.0,2.324423442815015e+18,ZTF19aapqhsa
ztf,60078.423449099995,2324423442815015047,2,2324423442815,20.057125,1,2324,0.70961016,19.753805,18.642569,19.6636,0.20693095,0.0702603,0.074358545,0.2554,274.4008897,-17.6946786,0.61714286,t17_f5_c3,0.99889755,19.9173,0.4134,333120228.0,True,True,False,1.2.0,0.0,,ZTF19aapqhsa
ztf,60150.20513889985,2396205132815015067,2,2396205132815,20.112429,1,2396,0.44459355,18.656816,18.113684,18.7255,0.08347072,0.04835469,0.050615225,0.1166,274.4009691,-17.6946603,0.8157143,t17_f5_c3,1.0,18.7902,0.1588,333120228.0,True,True,False,1.2.0,0.0,,ZTF19aapqhsa
ztf,60159.25188660016,2405251882815015049,2,2405251882815,19.334578,1,2405,0.5978339,17.735523,17.469324,17.6895,0.06579103,0.05081843,0.051485747,0.0755,274.4009188,-17.6946706,0.8857143,t17_f5_c3,1.0,17.6997,0.0977,333120228.0,True,True,False,1.2.0,0.0,,ZTF19aapqhsa
ztf,60161.33766200021,2407337662815015018,2,2407337662815,19.830427,1,2407,0.68057746,17.62844,17.384644,17.6323,0.05749952,0.045294914,0.045935158,0.0539,274.4008976,-17.6946634,0.9014286,t17_f5_c3,0.9999993,17.7429,0.076,333120228.0,True,True,False,1.2.0,0.0,,ZTF19aapqhsa
ztf,60163.25231479993,2409252312815015066,2,2409252312815,20.368994,1,2409,0.58727056,17.545584,17.31795,17.5728,0.062273122,0.049980745,0.05049487,0.0322,274.4009243,-17.6946705,0.88714284,t17_f5_c3,0.9999978,17.5747,0.0407,333120228.0,True,True,False,1.2.0,0.0,,ZTF19aapqhsa
ztf,60166.2528241002,2412252822815015041,2,2412252822815,19.904306,1,2412,0.6273845,17.456081,17.24482,17.5777,0.07483877,0.061238367,0.061605874,0.0516,274.4009137,-17.6946615,0.8314286,t17_f5_c3,0.9993507,17.6197,0.0681,333120228.0,True,True,False,1.2.0,0.0,,ZTF19aapqhsa
ztf,60171.25118059991,2417251182815015065,2,2417251182815,20.044216,1,2417,0.6016143,17.193172,17.024004,17.3174,0.05749054,0.048889436,0.04919589,0.0313,274.4009228,-17.6946684,0.87285715,t17_f5_c3,0.99999994,17.3313,0.0401,333120228.0,True,True,False,1.2.0,0.0,,ZTF19aapqhsa
ztf,60171.25118059991,2417251182815025065,2,2417251182815,20.0442,1,2417,0.601614,17.1932,17.024027,17.3174,0.057491,0.048889644,0.04919611,0.0313,274.4009228,-17.6946684,0.872857,t17_f5_c3,,17.3313,0.0401,,False,True,False,1.2.0,0.0,2.430170572815015e+18,ZTF19aapqhsa
ztf,60184.170578700025,2430170572815015032,2,2430170572815,19.205257,1,2430,0.6271355,16.91209,16.779253,17.1035,0.05982475,0.05275415,0.05293534,0.051,274.4009148,-17.6946552,0.87714285,t17_f5_c3,0.9999999,17.0735,0.0634,333120228.0,True,True,False,1.2.0,0.0,,ZTF19aapqhsa
ztf,60186.26126160007,2432261262815015039,2,2432261262815,18.992676,1,2432,0.583501,16.929035,16.794231,16.94,0.051255524,0.045052994,0.045270942,0.0541,274.4009309,-17.6946439,0.8485714,t17_f5_c3,1.0,16.9392,0.0692,333120228.0,True,True,False,1.2.0,0.0,,ZTF19aapqhsa
ztf,60193.25346060004,2439253462815015066,2,2439253462815,20.106138,1,2439,0.64038974,16.851002,16.725025,16.9255,0.045588855,0.040380605,0.040594615,0.0229,274.400908,-17.6946883,0.87285715,t17_f5_c3,0.9999976,16.9286,0.0288,333120228.0,True,True,False,1.2.0,0.0,,ZTF19aapqhsa
ztf,60198.168182900175,2444168182815015052,2,2444168182815,19.92579,1,2444,0.5997429,16.881302,16.751965,16.9834,0.058381192,0.051648885,0.051824886,0.0268,274.4009208,-17.6946865,0.8914286,t17_f5_c3,0.9999995,16.9574,0.033,333120228.0,True,True,False,1.2.1,0.0,,ZTF19aapqhsa
ztf,60203.190520800184,2449190522815015072,2,2449190522815,20.389599,1,2449,0.5980419,16.95476,16.816921,17.0258,0.053255945,0.046687175,0.046906482,0.0198,274.4009277,-17.6946456,0.89428574,t17_f5_c3,0.99965405,17.0393,0.025,333120228.0,True,True,False,1.2.1,0.0,,ZTF19aapqhsa
ztf,60203.190520800184,2449190522815025072,2,2449190522815,20.3896,1,2449,0.598042,16.9548,16.816957,17.0258,0.053256,0.046687,0.046906326,0.0198,274.4009277,-17.6946456,0.894286,t17_f5_c3,,17.0393,0.025,,False,True,False,1.2.1,0.0,2.458147742815015e+18,ZTF19aapqhsa
ztf,60212.147743099835,2458147742815015034,2,2458147742815,19.673374,1,2458,0.6445268,16.963167,16.824324,17.032,0.043133747,0.037680827,0.03795593,0.0349,274.4009081,-17.6946661,0.88714284,t17_f5_c3,1.0,17.0247,0.0442,333120228.0,True,True,False,1.2.1,0.0,,ZTF19aapqhsa
ztf,60212.147743099835,2458147742815025034,2,2458147742815,19.6734,1,2458,0.644527,16.9632,16.824352,17.032,0.043134,0.0376809,0.037956018,0.0349,274.4009081,-17.6946661,0.887143,t17_f5_c3,,17.0247,0.0442,,False,True,False,1.2.1,0.0,2.460169102815015e+18,ZTF19aapqhsa
ztf,60214.169108800124,2460169102815015036,2,2460169102815,19.54081,1,2460,0.5728041,16.965757,16.826603,17.114,0.063464195,0.055642433,0.055829883,0.0414,274.4009285,-17.694701,0.8914286,t17_f5_c3,0.9999988,17.1358,0.0539,333120228.0,True,True,False,1.2.1,0.0,,ZTF19aapqhsa
ztf,60214.169108800124,2460169102815025036,2,2460169102815,19.5408,1,2460,0.572804,16.9658,16.82664,17.114,0.063464,0.05564199,0.055829454,0.0414,274.4009285,-17.694701,0.891429,t17_f5_c3,,17.1358,0.0539,,False,True,False,1.2.1,0.0,2.462134712815015e+18,ZTF19aapqhsa
ztf,60216.134710600134,2462134712815015046,2,2462134712815,19.85587,1,2462,0.62174284,16.961021,16.822435,17.072,0.06094416,0.053447444,0.053641073,0.0324,274.4009133,-17.6946642,0.8542857,t17_f5_c3,0.99996996,17.0486,0.0403,333120228.0,True,True,False,1.2.1,0.0,,ZTF19aapqhsa
ztf,60221.128541700076,2467128542815015046,2,2467128542815,19.581825,1,2467,0.63558334,17.067549,16.915632,17.2328,0.06014854,0.052058853,0.052294772,0.0411,274.4009101,-17.6947027,0.8914286,t17_f5_c3,0.9999999,17.2916,0.0552,333120228.0,True,True,False,1.2.1,0.0,,ZTF19aapqhsa
ztf,60223.17105320003,2469171052815015078,2,2469171052815,19.341343,1,2469,0.5927587,17.077288,16.924093,17.1215,0.05419067,0.046793036,0.047059473,0.0428,274.4009258,-17.6946529,0.81714284,t17_f5_c3,0.99999917,17.1433,0.0557,333120228.0,True,True,False,1.2.1,0.0,,ZTF19aapqhsa
ztf,60223.17105320003,2469171052815025078,2,2469171052815,19.3413,1,2469,0.592759,17.0773,16.924105,17.1215,0.054191,0.046793252,0.047059696,0.0428,274.4009258,-17.6946529,0.817143,t17_f5_c3,,17.1433,0.0557,,False,True,False,1.2.1,0.0,2.477127902815015e+18,ZTF19aapqhsa
ztf,60223.17105320003,2469171052815035078,2,2469171052815,19.341343,1,2469,0.5927587,17.077288,16.924093,17.1215,0.05419067,0.046793036,0.047059473,0.0428,274.4009258,-17.6946529,0.81714284,t17_f5_c3,0.99999917,17.1433,0.0557,333120228.0,True,True,False,1.2.1,0.0,,ZTF19aapqhsa
ztf,60231.12790510012,2477127902815015050,2,2477127902815,19.94552,1,2477,0.5542809,17.172373,17.00618,17.2959,0.061683282,0.05265311,0.05292861,0.0357,274.4009334,-17.6946828,0.8971428,t17_f5_c3,0.99999404,17.3135,0.046,333120228.0,True,True,False,1.2.1,0.0,,ZTF19aapqhsa
ztf,60758.49709489988,3004497092815015100,2,3004497092815,19.783644,1,3004,0.44450265,16.814129,16.692133,16.9509,0.05157017,0.045911986,0.046089273,0.028,274.4009659,-17.6946934,0.89,t17_f5_c3,1.0,16.9321,0.0349,333120228.0,True,True,False,26.0.1,0.0,,ZTF19aapqhsa
ztf,60771.42277779989,3017422772815015069,2,3017422772815,19.6007,1,3017,0.452044,17.1207,16.961695,17.2062,0.053574,0.045985054,0.046275526,0.0397,274.4009635,-17.6946839,0.907143,t17_f5_c3,,17.2386,0.052,,False,True,False,26.0.1,0.0,3.041393592815015e+18,ZTF19aapqhsa
ztf,60774.4821295999,3020482122815015061,2,3020482122815,20.137283,1,3020,0.50463295,17.252352,17.074442,17.4182,0.0570977,0.04812651,0.048467994,0.035,274.4009461,-17.6946727,0.88857144,t17_f5_c3,0.99999887,17.3587,0.0421,333120228.0,True,True,False,26.0.1,0.0,,ZTF19aapqhsa
ztf,60774.4821295999,3020482122815025061,2,3020482122815,20.1373,1,3020,0.504633,17.2524,17.074484,17.4182,0.057098,0.04812642,0.048467927,0.035,274.4009461,-17.6946727,0.888571,t17_f5_c3,,17.3587,0.0421,,False,True,False,27.5.6,0.0,3.049499942815015e+18,ZTF19aapqhsa
ztf,60776.47114579985,3022471142815015037,2,3022471142815,19.726006,1,3022,0.50975424,17.292316,17.108273,17.2643,0.05338383,0.04466884,0.045060087,0.041,274.4009482,-17.6946653,0.89285713,t17_f5_c3,0.9999994,17.2618,0.0521,333120228.0,True,True,False,26.0.1,0.0,,ZTF19aapqhsa
ztf,60785.40398149984,3031403982815015023,2,3031403982815,19.709843,1,3031,0.38483432,17.4266,17.220493,17.5092,0.055929005,0.045789853,0.046258826,0.051,274.4009834,-17.6946867,0.9028571,t17_f5_c3,0.99999976,17.481,0.0635,333120228.0,True,True,False,26.0.1,0.0,,ZTF19aapqhsa
ztf,60787.478506899904,3033478502815015100,2,3033478502815,19.936535,1,3033,0.5161082,17.489698,17.272417,17.5895,0.065642744,0.053293273,0.053737078,0.0426,274.4009455,-17.6946756,0.85571426,t17_f5_c3,0.9999995,17.557,0.0526,333120228.0,True,True,False,26.0.1,0.0,,ZTF19aapqhsa
ztf,60789.419733799994,3035419732815015059,2,3035419732815,20.062553,1,3035,0.4407458,17.511803,17.290478,17.6328,0.06285781,0.0507848,0.051266007,0.0394,274.4009681,-17.6946861,0.86714286,t17_f5_c3,0.9999944,17.6334,0.05,333120228.0,True,True,False,26.0.1,0.0,,ZTF19aapqhsa
ztf,60789.419733799994,3035419732815025059,2,3035419732815,20.0626,1,3035,0.440746,17.5118,17.290478,17.6328,0.062858,0.05078498,0.051266182,0.0394,274.4009681,-17.6946861,0.867143,t17_f5_c3,,17.6334,0.05,,False,True,False,27.5.6,0.0,3.063392552815015e+18,ZTF19aapqhsa
ztf,60795.39359949995,3041393592815015115,2,3041393592815,19.95681,1,3041,0.5032469,17.597754,17.360058,17.7334,0.060468793,0.048001535,0.04857953,0.0463,274.40095,-17.6946695,0.8528572,t17_f5_c3,0.9999999,17.7271,0.0586,333120228.0,True,True,False,26.0.1,0.0,,ZTF19aapqhsa
ztf,60803.49994210014,3049499942815015033,2,3049499942815,18.881786,1,3049,0.54083645,17.699747,17.441227,17.8447,0.10273087,0.08056287,0.0809642,0.1203,274.4009373,-17.6946815,0.7885714,t17_f5_c3,0.99996936,17.7681,0.1438,333120228.0,True,True,False,27.5.6,0.0,,ZTF19aapqhsa
ztf,60805.42021990009,3051420212815015046,2,3051420212815,19.6356,1,3051,0.53587544,17.774384,17.499615,17.7342,0.07884995,0.06062769,0.061220128,0.0652,274.4009338,-17.6946839,0.8971428,t17_f5_c3,0.9999828,17.6984,0.0806,333120228.0,True,True,False,27.5.6,0.0,,ZTF19aapqhsa
ztf,60814.35677079996,3060356772815015057,2,3060356772815,19.500648,1,3060,0.46601,17.947582,17.63162,18.0418,0.085815966,0.063426465,0.06414807,0.0816,274.4009588,-17.6946786,0.79714286,t17_f5_c3,1.0,18.048,0.1051,333120228.0,True,True,False,27.5.6,0.0,,ZTF19aapqhsa
ztf,60817.39255789993,3063392552815015079,2,3063392552815,20.329098,1,3063,0.4767824,17.958303,17.639626,18.134,0.081588715,0.060062975,0.060835738,0.053,274.4009572,-17.6946669,0.8642857,t17_f5_c3,0.9999988,18.133,0.0676,333120228.0,True,True,False,27.5.6,0.0,,ZTF19aapqhsa
ztf,60820.418530100025,3066418532815015068,2,3066418532815,20.492027,1,3066,0.58614326,18.024246,17.688412,18.1377,0.07475515,0.053926982,0.054866474,0.0484,274.4009234,-17.6946624,0.9085714,t17_f5_c3,0.99999744,18.1402,0.0618,333120228.0,True,True,False,27.5.6,0.0,,ZTF19aapqhsa
ztf,60820.418530100025,3066418532815025068,2,3066418532815,20.492,1,3066,0.586143,18.0242,17.688377,18.1377,0.074755,0.053927556,0.05486698,0.0484,274.4009234,-17.6946624,0.908571,t17_f5_c3,,18.1402,0.0618,,False,True,False,27.5.6,0.0,3.095293122815015e+18,ZTF19aapqhsa
ztf,60824.44059030013,3070440592815015082,2,3070440592815,20.62375,1,3070,0.59871393,18.184692,17.803802,18.1868,0.07939352,0.05475987,0.055902254,0.0454,274.4009253,-17.6946475,0.9042857,t17_f5_c3,0.999989,18.1756,0.0574,333120228.0,True,True,False,27.5.6,0.0,,ZTF19aapqhsa
ztf,60830.362118099816,3076362112815025079,2,3076362112815,19.6184,1,3076,0.519248,18.3079,17.889076,18.3415,0.074659,0.049285185,0.05076367,0.09,274.4009502,-17.6947089,0.59,t17_f5_c3,,18.267,0.1073,,False,True,False,27.5.6,0.0,3.081335312815015e+18,ZTF19aapqhsa
ztf,60830.362118099816,3076362112815035079,2,3076362112815,19.6184,1,3076,0.519248,18.3079,17.889076,18.3415,0.074659,0.049285185,0.05076367,0.09,274.4009502,-17.6947089,0.59,t17_f5_c3,,18.267,0.1073,,False,True,False,27.5.6,0.0,3.105312922815015e+18,ZTF19aapqhsa
ztf,60833.37693289993,3079376932815015067,2,3079376932815,20.074,1,3079,0.549337,18.2462,17.846746,18.3216,0.101523,0.06929168,0.07027206,0.0801,274.4009351,-17.6946825,0.877143,t17_f5_c3,,18.305,0.101,,False,True,False,27.5.6,0.0,3.109315402815015e+18,ZTF19aapqhsa
ztf,60835.33531250013,3081335312815015044,2,3081335312815,19.397398,1,3081,0.49024045,18.24189,17.843761,18.3811,0.106069095,0.072576955,0.07350843,0.1493,274.4009507,-17.6946683,0.8642857,t17_f5_c3,0.9999981,18.3822,0.1919,333120228.0,True,True,False,27.5.6,0.0,,ZTF19aapqhsa
ztf,60840.31391200004,3086313912815015036,2,3086313912815,19.435205,1,3086,0.47288987,18.403902,17.953419,18.3747,0.11212767,0.072915934,0.074049085,0.1435,274.4009619,-17.6946536,0.8971428,t17_f5_c3,0.9999994,18.3874,0.1865,333120228.0,True,True,False,27.5.6,0.0,,ZTF19aapqhsa
ztf,60842.31401620014,3088314012815015087,2,3088314012815,19.581987,1,3088,0.45515704,18.32886,17.903284,18.4267,0.098566055,0.0654537,0.06660353,0.1131,274.4009673,-17.6947162,0.80285716,t17_f5_c3,0.9999642,18.4868,0.1533,333120228.0,True,True,False,27.5.6,0.0,,ZTF19aapqhsa
ztf,60842.31401620014,3088314012815025087,2,3088314012815,19.582,1,3088,0.455157,18.3289,17.90331,18.4267,0.098566,0.06545279,0.06660269,0.1131,274.4009673,-17.6947162,0.802857,t17_f5_c3,,18.4868,0.1533,,False,True,False,27.5.6,0.0,3.117305632815015e+18,ZTF19aapqhsa
ztf,60844.35880789999,3090358802815015051,2,3090358802815,20.02288,1,3090,0.55529886,18.500475,18.016224,18.6911,0.09738707,0.06082702,0.06234489,0.113,274.4009367,-17.6946798,0.89428574,t17_f5_c3,0.99999523,18.6136,0.1347,333120228.0,True,True,False,27.5.6,0.0,,ZTF19aapqhsa
ztf,60844.35880789999,3090358802815025051,2,3090358802815,20.0229,1,3090,0.555299,18.5005,18.01624,18.6911,0.097387,0.060826406,0.062344335,0.113,274.4009367,-17.6946798,0.894286,t17_f5_c3,,18.6136,0.1347,,False,True,False,27.5.6,0.0,3.119293252815015e+18,ZTF19aapqhsa
ztf,60847.31598380022,3093315982815015050,2,3093315982815,20.003424,1,3093,0.44969591,18.536423,18.039099,18.574,0.07025538,0.042186387,0.04443756,0.0923,274.4009621,-17.6946875,0.7942857,t17_f5_c3,0.99999964,18.6183,0.1231,333120228.0,True,True,False,27.5.6,0.0,,ZTF19aapqhsa
ztf,60849.29312499985,3095293122815015081,2,3095293122815,20.587915,1,3095,0.5546512,18.654505,18.112282,18.8294,0.114318475,0.067751594,0.06937886,0.0836,274.4009399,-17.6946471,0.7828571,t17_f5_c3,0.99999326,18.867,0.1107,333120228.0,True,True,False,27.5.6,0.0,,ZTF19aapqhsa
ztf,60851.29398149997,3097293982815015089,2,3097293982815,20.088871,1,3097,0.5437788,18.613127,18.086983,18.6028,0.09272409,0.055216882,0.05711297,0.0949,274.4009384,-17.6946669,0.87857145,t17_f5_c3,0.9999874,18.5822,0.1194,333120228.0,True,True,False,27.5.6,0.0,,ZTF19aapqhsa
ztf,60851.29398149997,3097293982815025097,2,3097293982815,20.0869,1,3097,0.538979,18.6077,18.083637,18.6077,0.092974,0.055501476,0.057376757,0.0955,274.4009399,-17.6946666,0.875714,t17_f5_c3,,18.5839,0.1198,,False,True,False,27.5.6,0.0,3.126270392815015e+18,ZTF19aapqhsa
ztf,60851.32840280002,3097328402815015061,2,3097328402815,20.162432,1,3097,0.49078736,18.611244,18.085823,18.5961,0.08097444,0.047732368,0.04990903,0.0891,274.4009526,-17.6946816,0.8757143,t17_f5_c3,0.9999615,18.6023,0.1148,333120228.0,True,True,False,27.5.6,0.0,,ZTF19aapqhsa
ztf,60851.32840280002,3097328402815025067,2,3097328402815,20.157,1,3097,0.488203,18.6023,18.080301,18.598,0.080918,0.047883082,0.050031707,0.0897,274.4009535,-17.6946809,0.861429,t17_f5_c3,,18.6065,0.1158,,False,True,False,27.5.6,0.0,3.126270392815015e+18,ZTF19aapqhsa
ztf,60853.33528940007,3099335282815015089,2,3099335282815,20.340818,1,3099,0.5211932,18.71902,18.150976,18.9153,0.11591286,0.06692628,0.068693236,0.1077,274.4009548,-17.6946314,0.84,t17_f5_c3,0.9999716,18.9113,0.1376,333120228.0,True,True,False,27.5.6,0.0,,ZTF19aapqhsa
ztf,60853.33528940007,3099335282815035089,2,3099335282815,20.3408,1,3099,0.521193,18.719,18.150965,18.9153,0.115913,0.066926956,0.06869386,0.1077,274.4009548,-17.6946314,0.84,t17_f5_c3,,18.9113,0.1376,,False,True,False,27.5.6,0.0,3.128268252815015e+18,ZTF19aapqhsa
ztf,60855.31508099986,3101315082815015098,2,3101315082815,19.54674,1,3101,0.6872602,18.837635,18.219696,18.8404,0.13521498,0.074735194,0.07653314,0.1391,274.4009089,-17.6947601,0.51,t17_f5_c3,0.9998365,18.937,0.1944,333120228.0,True,True,False,27.5.6,0.0,,ZTF19aapqhsa
ztf,60859.31292819977,3105312922815015064,2,3105312922815,20.123892,1,3105,0.48581412,18.800915,18.198761,19.002,0.09135928,0.049911547,0.05246757,0.1348,274.4009537,-17.6946935,0.8457143,t17_f5_c3,0.99994063,18.8738,0.1536,333120228.0,True,True,False,27.5.6,0.0,,ZTF19aapqhsa
ztf,60862.33732639998,3108337322815015054,2,3108337322815,20.132689,1,3108,0.5918141,18.918905,18.264948,19.2892,0.13677621,0.072890244,0.074890606,0.1844,274.4009205,-17.6946698,0.75714284,t17_f5_c3,0.99911654,19.0936,0.1977,333120228.0,True,True,False,27.5.6,0.0,,ZTF19aapqhsa
ztf,60863.29601849988,3109296012815015040,2,3109296012815,19.765373,1,3109,0.5048671,18.911312,18.260782,18.9892,0.10931397,0.057548538,0.06004323,0.1905,274.4009566,-17.6946468,0.8685714,t17_f5_c3,0.9999999,19.0028,0.2478,333120228.0,True,True,False,27.5.6,0.0,,ZTF19aapqhsa
ztf,60863.31540510012,3109315402815015047,2,3109315402815,19.74734,1,3109,0.30259565,18.97557,18.295607,18.7342,0.15381314,0.080301225,0.08222577,0.1532,274.4010137,-17.6946524,0.6842857,t17_f5_c3,0.9818318,18.6357,0.1796,333120228.0,True,True,False,27.5.6,0.0,,ZTF19aapqhsa
ztf,60864.2783102002,3110278312815015042,2,3110278312815,19.658487,1,3110,0.6451022,19.022053,18.320208,18.7932,0.15136422,0.07721105,0.07930219,0.1808,274.4009066,-17.6946851,0.7157143,t17_f5_c3,0.9978399,18.8151,0.2365,333120228.0,True,True,False,27.5.6,0.0,,ZTF19aapqhsa
ztf,60867.234849500004,3113234842815015040,3,3113234842815,18.999773,1,3113,0.13185197,15.291362,14.311363,15.3437,0.03638119,0.010155786,0.0147528965,0.0155,274.4009462,-17.6946885,0.76857144,t17_f5_c3,0.99999976,15.3311,0.0191,333120328.0,True,True,False,27.5.6,0.0,,ZTF19aapqhsa
ztf,60867.234849500004,3113234842815025040,3,3113234842815,18.9998,1,3113,0.131852,15.2914,14.3113785,15.3437,0.036381,0.010155081,0.014752518,0.0155,274.4009462,-17.6946885,0.768571,t17_f5_c3,,15.3311,0.0191,,False,True,False,27.5.6,0.0,3.137304242815015e+18,ZTF19aapqhsa
ztf,60867.31451389985,3113314512815015024,2,3113314512815,19.40867,1,3113,0.4746485,18.914957,18.262783,18.9143,0.17547376,0.094695054,0.09623716,0.2585,274.4009588,-17.6946655,0.7714286,t17_f5_c3,0.99882334,19.0819,0.3872,333120228.0,True,True,False,27.5.6,0.0,,ZTF19aapqhsa
ztf,60867.31546299998,3113315462815015017,2,3113315462815,19.454279,1,3113,0.57828635,19.051289,18.335426,19.0173,0.21371457,0.10899908,0.11053233,0.276,274.4009295,-17.6946626,0.69714284,t17_f5_c3,0.9961489,18.9389,0.3302,333120228.0,True,True,False,27.5.6,0.0,,ZTF19aapqhsa
ztf,60867.31546299998,3113315462815025017,2,3113315462815,19.4543,1,3113,0.578286,19.0513,18.335432,19.0173,0.213715,0.108998716,0.110531986,0.276,274.4009295,-17.6946626,0.697143,t17_f5_c3,,18.9389,0.3302,,False,True,False,27.5.6,0.0,3.137304242815015e+18,ZTF19aapqhsa
ztf,60868.257141199894,3114257142815015046,3,3114257142815,18.969774,1,3114,0.08100726,15.253566,14.295877,15.2762,0.02522158,100.0,0.010439914,0.0141,274.4009278,-17.6946537,0.76,t17_f5_c3,1.0,15.2743,0.0175,333120328.0,True,True,False,27.5.6,0.0,,ZTF19aapqhsa
ztf,60868.257141199894,3114257142815025046,3,3114257142815,18.9698,1,3114,0.081007,15.2536,14.295892,15.2762,0.025222,100.0,0.010439899,0.0141,274.4009278,-17.6946537,0.76,t17_f5_c3,,15.2743,0.0175,,False,True,False,27.5.6,0.0,3.137304242815015e+18,ZTF19aapqhsa
ztf,60868.29364580009,3114293642815015035,2,3114293642815,19.397326,1,3114,0.6142109,19.005466,18.311485,19.4586,0.17360866,0.089842774,0.09161768,0.3935,274.4009162,-17.6946818,0.81,t17_f5_c3,0.999964,19.2217,0.4064,333120228.0,True,True,False,27.5.6,0.0,,ZTF19aapqhsa
ztf,60869.31542820018,3115315422815015029,2,3115315422815,19.602493,1,3115,0.6054298,19.182703,18.401405,19.146,0.16051894,0.075693704,0.07816414,0.2507,274.4009236,-17.6947288,0.8157143,t17_f5_c3,0.9997237,19.4167,0.4127,333120228.0,True,True,False,27.5.6,0.0,,ZTF19aapqhsa
ztf,60869.31542820018,3115315422815025029,2,3115315422815,19.6025,1,3115,0.60543,19.1827,18.401403,19.146,0.160519,0.07569389,0.07816431,0.2507,274.4009236,-17.6947288,0.815714,t17_f5_c3,,19.4167,0.4127,,False,True,False,27.5.6,0.0,3.137304242815015e+18,ZTF19aapqhsa
ztf,60869.321064800024,3115321062815015073,2,3115321062815,19.507229,1,3115,0.6304221,18.908043,18.258986,18.7766,0.1452245,0.07802445,0.079876155,0.189,274.4009145,-17.6946526,0.74857146,t17_f5_c3,0.9999255,18.5406,0.1953,333120228.0,True,True,False,27.5.6,0.0,,ZTF19aapqhsa
ztf,60869.378344899975,3115378342815015042,3,3115378342815,19.073166,1,3115,0.21886186,15.322365,14.323829,15.3393,0.03707063,0.010060876,0.014777989,0.0138,274.4008882,-17.694653,0.71,t17_f5_c3,0.9999999,15.3352,0.0169,333120328.0,True,True,False,27.5.6,0.0,,ZTF19aapqhsa
ztf,60870.28678240022,3116286782815015034,2,3116286782815,19.244463,1,3116,0.6919444,19.01403,18.315998,19.023,0.17388426,0.08962743,0.09142121,0.299,274.4008925,-17.6946872,0.79571426,t17_f5_c3,0.99223655,18.933,0.3535,333120228.0,True,True,False,27.5.6,0.0,,ZTF19aapqhsa
ztf,60870.28678240022,3116286782815025034,2,3116286782815,19.2445,1,3116,0.691944,19.014,18.31598,19.023,0.173884,0.089628585,0.0914223,0.299,274.4008925,-17.6946872,0.795714,t17_f5_c3,,18.933,0.3535,,False,True,False,27.5.6,0.0,3.137304242815015e+18,ZTF19aapqhsa
ztf,60870.33677079994,3116336772815015040,3,3116336772815,19.061644,1,3116,0.3041524,15.286764,14.309496,15.3502,0.046503875,0.0155978445,0.018905228,0.015,274.4008767,-17.6946946,0.79,t17_f5_c3,0.9999996,15.3446,0.0183,333120328.0,True,True,False,27.5.6,0.0,,ZTF19aapqhsa
ztf,60871.30326389987,3117303262815015033,2,3117303262815,19.3655,1,3117,0.589646,19.1571,18.388865,19.3092,0.223377,0.10838893,0.11008894,0.3689,274.4009351,-17.6946267,0.684286,t17_f5_c3,,19.3911,0.5107,,False,True,False,27.5.6,0.0,3.137304242815015e+18,ZTF19aapqhsa
ztf,60871.305636600126,3117305632815015031,2,3117305632815,19.389784,1,3117,0.59671205,18.975077,18.295343,19.1651,0.15476833,0.08084289,0.08275392,0.316,274.4009234,-17.6946589,0.7871429,t17_f5_c3,0.9999995,18.9344,0.3284,333120228.0,True,True,False,27.5.6,0.0,,ZTF19aapqhsa
ztf,60873.2573032002,3119257302815015034,3,3119257302815,19.89871,1,3119,0.16290429,15.481952,14.3846655,15.5002,0.05524129,0.016529754,0.020107089,0.0109,274.4009108,-17.6946291,0.65,t17_f5_c3,0.9999899,15.5154,0.0128,333120328.0,True,True,False,27.5.6,0.0,,ZTF19aapqhsa
ztf,60873.293252300005,3119293252815015039,2,3119293252815,19.570248,1,3119,0.5625599,18.999437,18.3083,19.1631,0.20941928,0.10935126,0.11080564,0.264,274.4009412,-17.6946331,0.6957143,t17_f5_c3,0.99161386,18.9814,0.2874,333120228.0,True,True,False,27.5.6,0.0,,ZTF19aapqhsa
ztf,60875.270694400184,3121270692815015061,2,3121270692815,20.496199,1,3121,0.6377715,19.189217,18.404573,19.8242,0.12775318,0.058854498,0.062017504,0.2217,274.4009088,-17.6946928,0.66714287,t17_f5_c3,0.9999995,19.5823,0.2277,333120228.0,True,True,False,27.5.6,0.0,,ZTF19aapqhsa
ztf,60876.26619210001,3122266192815015057,2,3122266192815,20.21142,1,3122,0.59362537,19.232046,18.425154,19.126,0.13404237,0.060556274,0.063750714,0.1442,274.4009287,-17.6946432,0.6414286,t17_f5_c3,0.9994903,19.228,0.2038,333120228.0,True,True,False,27.5.6,0.0,,ZTF19aapqhsa
ztf,60876.26712960005,3122267122815015067,2,3122267122815,20.163479,1,3122,0.40682417,19.260674,18.438675,19.7569,0.17620128,0.0801428,0.08264366,0.2664,274.4009868,-17.694642,0.63714284,t17_f5_c3,0.9997413,19.7333,0.3355,333120228.0,True,True,False,27.5.6,0.0,,ZTF19aapqhsa
ztf,60878.2666782001,3124266672815015088,2,3124266672815,20.532196,1,3124,0.44874126,19.200565,18.410067,19.2993,0.12989134,0.059557844,0.06271639,0.1301,274.4009666,-17.6946651,0.80285716,t17_f5_c3,0.9998379,19.3607,0.1769,333120228.0,True,True,False,27.5.6,0.0,,ZTF19aapqhsa
ztf,60878.26762730023,3124267622815015079,2,3124267622815,20.664484,1,3124,0.5262972,19.264296,18.440372,19.3552,0.13116841,0.057992827,0.061412934,0.1258,274.400945,-17.6946567,0.80857146,t17_f5_c3,0.9999976,19.4116,0.1701,333120228.0,True,True,False,27.5.6,0.0,,ZTF19aapqhsa
ztf,60879.24273149995,3125242732815015068,2,3125242732815,20.208471,1,3125,0.42029443,19.208305,18.413797,19.2692,0.16316792,0.07597567,0.07849314,0.159,274.400976,-17.6947028,0.6571429,t17_f5_c3,0.99674237,19.2708,0.2044,333120228.0,True,True,False,27.5.6,0.0,,ZTF19aapqhsa
ztf,60879.24273149995,3125242732815025068,2,3125242732815,20.2085,1,3125,0.420294,19.2083,18.413795,19.2692,0.163168,0.07597594,0.078493394,0.159,274.400976,-17.6947028,0.657143,t17_f5_c3,,19.2708,0.2044,,False,True,False,27.5.6,0.0,3.137304242815015e+18,ZTF19aapqhsa
ztf,60880.25668979995,3126256682815015048,2,3126256682815,20.022678,1,3126,0.3600457,19.35333,18.481152,19.2219,0.145479,0.0616811,0.06515211,0.1764,274.4010131,-17.6946261,0.7614286,t17_f5_c3,0.99999475,19.3838,0.2633,333120228.0,True,True,False,27.5.6,0.0,,ZTF19aapqhsa
ztf,60880.25668979995,3126256682815025048,2,3126256682815,20.0227,1,3126,0.360046,19.3533,18.481138,19.2219,0.145479,0.061682258,0.06515312,0.1764,274.4010131,-17.6946261,0.761429,t17_f5_c3,,19.3838,0.2633,,False,True,False,27.5.6,0.0,3.137304242815015e+18,ZTF19aapqhsa
ztf,60880.270393500105,3126270392815015085,2,3126270392815,20.025326,1,3126,0.47108972,19.06507,18.342531,19.0452,0.1169869,0.05722853,0.06013431,0.1482,274.4009567,-17.6946742,0.7385714,t17_f5_c3,0.99569833,19.3067,0.2424,333120228.0,True,True,False,27.5.6,0.0,,ZTF19aapqhsa
ztf,60880.270393500105,3126270392815025085,2,3126270392815,20.0253,1,3126,0.47109,19.0651,18.342548,19.0452,0.116987,0.057227638,0.06013354,0.1482,274.4009567,-17.6946742,0.738571,t17_f5_c3,,19.3067,0.2424,,False,True,False,27.5.6,0.0,3.137304242815015e+18,ZTF19aapqhsa
ztf,60882.23633099999,3128236332815015055,3,3128236332815,19.7688,1,3128,0.086059846,15.74836,14.47425,15.8027,0.03638057,100.0,0.011251892,0.0134,274.4009512,-17.694676,0.75285715,t17_f5_c3,0.9999959,15.7998,0.0159,333120328.0,True,True,False,27.5.6,0.0,,ZTF19aapqhsa
ztf,60882.25550930016,3128255502815015110,2,3128255502815,19.985254,1,3128,0.49185514,19.336346,18.47351,19.603,0.14551008,0.06233989,0.065729365,0.2479,274.4009577,-17.6946526,0.6785714,t17_f5_c3,0.9996163,19.7964,0.3803,333120228.0,True,True,False,27.5.6,0.0,,ZTF19aapqhsa
ztf,60882.2682523001,3128268252815015045,2,3128268252815,20.199688,1,3128,0.46117786,19.2081,18.413698,19.4765,0.15336132,0.0710993,0.07378287,0.1953,274.4009634,-17.6946585,0.73571426,t17_f5_c3,0.9999737,19.4172,0.2381,333120228.0,True,True,False,27.5.6,0.0,,ZTF19aapqhsa
ztf,60886.218923599925,3132218922815015104,2,3132218922815,19.905909,1,3132,0.5190093,19.289248,18.451982,19.7003,0.116018675,0.049616612,0.05365648,0.2909,274.4009471,-17.6946647,0.62857145,t17_f5_c3,0.9999051,19.5564,0.3273,333120228.0,True,True,False,27.5.6,0.0,,ZTF19aapqhsa
ztf,60886.2207986,3132220792815015110,2,3132220792815,20.005138,1,3132,0.41466585,19.544329,18.562565,19.2867,0.15108092,0.056830518,0.06116516,0.1869,274.4009784,-17.6946827,0.61,t17_f5_c3,0.9988402,19.1571,0.213,333120228.0,True,True,False,27.5.6,0.0,,ZTF19aapqhsa
ztf,60889.2743981001,3135274392815015066,2,3135274392815,20.298193,1,3135,0.5238281,19.502851,18.545582,19.9348,0.1715559,0.06745994,0.07103914,0.2866,274.4009448,-17.6946531,0.6185714,t17_f5_c3,0.99993026,19.7269,0.3044,333120228.0,True,True,False,27.5.6,0.0,,ZTF19aapqhsa
ztf,60889.27583329985,3135275832815015052,2,3135275832815,20.42514,1,3135,0.59358567,19.63667,18.599009,19.766,0.18684275,0.067934416,0.071847536,0.2229,274.4009208,-17.694671,0.56714284,t17_f5_c3,0.9999988,20.1464,0.4072,333120228.0,True,True,False,27.5.6,0.0,,ZTF19aapqhsa
ztf,60889.3359375,3135335932815015053,3,3135335932815,19.51333,1,3135,0.5818144,15.970953,14.538351,16.0451,0.06912209,0.012936839,0.018474646,0.0192,274.4008584,-17.6947876,0.74142855,t17_f5_c3,0.99983805,16.0317,0.0228,333120328.0,True,True,False,27.5.6,0.0,,ZTF19aapqhsa
ztf,60891.30424770014,3137304242815015092,2,3137304242815,19.394657,1,3137,0.38966462,19.458942,18.527184,19.2391,0.19831283,0.08117123,0.0840712,0.2803,274.400992,-17.6946445,0.5642857,t17_f5_c3,0.9894188,19.0325,0.298,333120228.0,True,True,False,27.5.6,0.0,,ZTF19aapqhsa
ztf,61100.52582179988,3346525822815015039,3,3346525822815,18.864573,1,3346,0.296409,16.481438,14.653054,16.334,0.05478981,100.0,0.0101706,0.0377,274.4009822,-17.6947317,0.75285715,t17_f5_c3,0.99999976,16.3317,0.0471,333120328.0,True,True,False,27.5.7a32.dev1,0.0,,ZTF19aapqhsa
ztf,61107.524189800024,3353524182815015134,3,3353524182815,18.241718,1,3353,0.549554,16.243526,14.604769,16.278,0.06018627,100.0,0.013304372,0.036,274.4007985,-17.694604,0.48285714,t17_f5_c3,0.8188441,16.2371,0.0435,333120328.0,True,True,False,27.5.7a32.dev1,0.0,,ZTF19aapqhsa
