tid,mjd,candid,fid,pid,diffmaglim,isdiffpos,nid,distnr,magpsf,magpsf_corr,magap,sigmapsf,sigmapsf_corr,sigmapsf_corr_ext,sigmagap,ra,dec,rb,rbversion,magapbig,sigmagapbig,has_stamp,corrected,dubious,step_id_corr,phase,drb,rfid,parent_candid,oid
ztf,59223.53326389985,1469533260515015002,1,1469533260515,20.4487,1,1469,0.633977,20.9045,19.884699,20.8698,0.293957,0.109920114,0.11491156,0.4803,231.6612736,67.1872325,0.62,t17_f5_c3,20.7586,0.5558,False,True,False,correction_0.0.1,0.0,,,,ZTF20abcesru
ztf,59252.51121529983,1498511210515015007,2,1498511210515,20.736563,1,1498,0.05808168,20.6152,19.339819,20.5003,0.18634354,0.0504939,0.057565425,0.3443,231.6608162,67.1872902,0.79285717,t17_f5_c3,20.1927,0.3317,True,True,False,correction_0.0.1,0.0,0.99977255,846120205.0,,ZTF20abcesru
ztf,59682.36839119997,1928368390515015002,2,1928368390515,19.7706,1,1928,0.348955,20.2815,19.225382,20.1142,0.232637,0.08435727,0.08794917,0.462,231.6609707,67.1872449,0.845714,t17_f5_c3,20.6863,1.0036,False,True,False,correction_1.0.6,0.0,,,1.940325740515015e+18,ZTF20abcesru
ztf,59687.40915510012,1933409150515015003,2,1933409150515,19.869,1,1933,0.19171,19.9134,19.071207,19.4776,0.25359,0.11473674,0.11674935,0.2888,231.6606868,67.1873414,0.728571,t17_f5_c3,19.5212,0.3852,False,True,False,correction_1.0.6,0.0,,,1.940325740515015e+18,ZTF20abcesru
ztf,59690.34822920011,1936348220515015005,2,1936348220515,20.1598,1,1936,0.258135,20.3932,19.266272,19.8483,0.25067,0.08494197,0.08878324,0.2881,231.660667,67.1873555,0.725714,t17_f5_c3,20.1142,0.4714,False,True,False,correction_1.0.6,0.0,,,1.940325740515015e+18,ZTF20abcesru
ztf,59690.42689809995,1936426890515015002,1,1936426890515,20.0324,1,1936,0.336597,20.3946,19.656132,20.3293,0.254175,0.12585647,0.12874956,0.4479,231.6606648,67.1873642,0.775714,t17_f5_c3,19.7961,0.352,False,True,False,correction_1.0.6,0.0,,,1.940325740515015e+18,ZTF20abcesru
ztf,59694.32574070012,1940325740515015003,2,1940325740515,20.372978,1,1940,0.17146635,20.178596,19.185324,20.0184,0.19802831,0.07561622,0.07932652,0.2935,231.660788,67.1872567,0.8442857,t17_f5_c3,19.8125,0.3109,True,True,False,correction_1.0.6,0.0,0.99805975,846120205.0,,ZTF20abcesru
ztf,59694.41215279978,1940412150515015003,1,1940412150515,19.9468,1,1940,0.469188,20.3827,19.650087,20.4529,0.334948,0.16843309,0.1705818,0.3879,231.6611296,67.1873867,0.591429,t17_f5_c3,20.4845,0.512,False,True,False,correction_1.0.6,0.0,,,1.946304460515015e+18,ZTF20abcesru
ztf,59696.34660879988,1942346600515015003,1,1942346600515,20.3282,1,1942,0.512536,20.3719,19.644575,20.4383,0.267381,0.13417526,0.13683598,0.3025,231.6608768,67.1871639,0.614286,t17_f5_c3,20.9273,0.6071,False,True,False,correction_1.0.6,0.0,,,1.946304460515015e+18,ZTF20abcesru
ztf,59698.38793980004,1944387930515015002,2,1944387930515,20.3691,1,1944,0.076666,20.3424,19.248007,20.2256,0.218174,0.075463764,0.07962427,0.3212,231.6607846,67.1873261,0.944286,t17_f5_c3,20.1516,0.384,False,True,False,correction_1.0.6,0.0,,,1.946304460515015e+18,ZTF20abcesru
ztf,59700.30446759984,1946304460515015004,2,1946304460515,20.502876,1,1946,0.14888132,20.215841,19.20009,20.3673,0.20099154,0.07502506,0.07886378,0.3643,231.6608133,67.1872678,0.8457143,t17_f5_c3,20.3021,0.4391,True,True,False,correction_1.0.6,0.0,0.9998506,846120205.0,,ZTF20abcesru
ztf,59700.34291670006,1946342910515015005,1,1946342910515,20.498161,1,1946,0.165264,20.250921,19.58098,20.0709,0.17681621,0.09197649,0.09539941,0.2276,231.6608984,67.1872663,0.76285714,t17_f5_c3,19.9235,0.2542,True,True,False,correction_1.0.6,0.0,0.999752,846120105.0,,ZTF20abcesru
ztf,59702.31168980012,1948311680515015004,1,1948311680515,20.642288,1,1948,0.07768949,20.387247,19.652401,20.2115,0.1841357,0.089589834,0.09358361,0.2209,231.6609079,67.187304,0.81285715,t17_f5_c3,20.1386,0.2638,True,True,False,correction_1.0.6,0.0,0.9925827,846120105.0,,ZTF20abcesru
ztf,59702.4103472,1948410340515015001,2,1948410340515,20.3674,1,1948,0.114513,20.2239,19.203245,19.6882,0.174825,0.06378885,0.068287596,0.186,231.6608316,67.1872742,0.628571,t17_f5_c3,19.8204,0.268,False,True,False,correction_1.0.6,0.0,,,1.956366430515015e+18,ZTF20abcesru
ztf,59708.288657399826,1954288650515015003,2,1954288650515,19.7752,1,1954,0.352856,19.9551,19.090206,20.3099,0.270842,0.120120205,0.122112036,0.4123,231.6610204,67.1873335,0.704286,t17_f5_c3,20.1661,0.4631,False,True,False,correction_1.0.6,0.0,,,1.956366430515015e+18,ZTF20abcesru
ztf,59708.32231480023,1954322310515015002,2,1954322310515,19.8297,1,1954,0.291825,20.2422,19.210358,20.2787,0.287953,0.10858525,0.11132283,0.3898,231.6607204,67.1873793,0.72,t17_f5_c3,20.144,0.4415,False,True,False,correction_1.0.6,0.0,,,1.956366430515015e+18,ZTF20abcesru
ztf,59710.366435199976,1956366430515015006,2,1956366430515,19.875576,1,1956,0.46123493,20.13134,19.166147,20.0214,0.19939964,0.07851054,0.081968494,0.3594,231.6610245,67.1873913,0.7171429,t17_f5_c3,20.2764,0.5824,True,True,False,correction_1.0.6,0.0,0.99972916,846120205.0,,ZTF20abcesru
ztf,59712.27554399986,1958275540515015002,1,1958275540515,19.7138,1,1958,0.084463,20.2882,19.600935,20.0073,0.400291,0.21098311,0.21255413,0.4137,231.6608476,67.1872782,0.674286,t17_f5_c3,19.6018,0.3661,False,True,False,correction_1.0.6,0.0,,,1.969301490515015e+18,ZTF20abcesru
ztf,59712.367291700095,1958367290515015002,2,1958367290515,20.0645,1,1958,0.334941,20.4658,19.291433,20.7512,0.316641,0.104048245,0.10735465,0.8095,231.6605431,67.1872692,0.575714,t17_f5_c3,20.865,1.1542,False,True,False,correction_1.0.6,0.0,,,1.969301490515015e+18,ZTF20abcesru
ztf,59719.347048600204,1965347040515015002,2,1965347040515,19.9638,1,1965,0.906648,20.3025,19.233274,19.6471,0.284437,0.10324418,0.10624185,0.2358,231.6613188,67.1871614,0.195714,t17_f5_c3,19.5726,0.2822,False,True,False,correction_1.0.6,0.0,,,1.969301490515015e+18,ZTF20abcesru
ztf,59719.40424769977,1965404240515015003,2,1965404240515,19.7488,1,1965,0.424184,20.0838,19.14635,19.6032,0.281281,0.11634367,0.11862086,0.2478,231.6610668,67.1873332,0.455714,t17_f5_c3,19.3218,0.2455,False,True,False,correction_1.0.6,0.0,,,1.969301490515015e+18,ZTF20abcesru
ztf,59723.30149309989,1969301490515015004,2,1969301490515,20.517145,1,1969,0.10014231,20.046377,19.130411,19.9119,0.20368935,0.08459873,0.08761576,0.2239,231.6608251,67.1872829,0.8214286,t17_f5_c3,19.7295,0.242,True,True,False,correction_1.0.6,0.0,0.99998116,846120205.0,,ZTF20abcesru
ztf,59723.367870400194,1969367870515015005,1,1969367870515,20.603212,1,1969,0.109270096,20.16992,19.536528,20.0986,0.15755744,0.084491305,0.08791886,0.2253,231.6608138,67.1873348,0.83285713,t17_f5_c3,20.1104,0.2909,True,True,False,correction_1.0.6,0.0,0.9999908,846120105.0,,ZTF20abcesru
ztf,59725.3051967998,1971305190515015004,1,1971305190515,20.657,1,1971,0.045743,20.2834,19.598383,20.2947,0.187013,0.0961244,0.09950963,0.2628,231.6608734,67.1873171,0.88,t17_f5_c3,20.3281,0.3465,False,True,False,1.1.2,0.0,,,1.976281900515015e+18,ZTF20abcesru
ztf,59725.32650459977,1971326500515015004,2,1971326500515,20.6607,1,1971,0.082189,19.9415,19.084053,19.5743,0.154741,0.06676501,0.070246816,0.1535,231.6608252,67.1872915,0.695714,t17_f5_c3,19.4709,0.178,False,True,False,1.1.2,0.0,,,1.976281900515015e+18,ZTF20abcesru
ztf,59730.28190970002,1976281900515015006,2,1976281900515,20.618021,1,1976,0.12633026,20.09872,19.152618,19.7757,0.1504992,0.058508232,0.062964156,0.1892,231.6606803,67.1873009,0.7442857,t17_f5_c3,19.6188,0.2093,True,True,False,1.1.2,0.0,0.9998025,846120205.0,,ZTF20abcesru
ztf,59730.36950229993,1976369500515015005,1,1976369500515,20.7133,1,1976,0.156462,20.1892,19.547243,19.7502,0.174561,0.09347142,0.09664178,0.1443,231.66087,67.1873435,0.541429,t17_f5_c3,19.685,0.1733,False,True,False,1.1.2,0.0,,,1.978221400515015e+18,ZTF20abcesru
ztf,59732.22140049981,1978221400515015002,2,1978221400515,20.400225,1,1978,0.1605181,19.970755,19.097237,20.0038,0.13946664,0.058333542,0.062382508,0.2664,231.6607658,67.1872595,0.93142855,t17_f5_c3,20.1069,0.3747,True,True,False,1.1.2,0.0,0.9999939,846120205.0,,ZTF20abcesru
ztf,59732.4084954001,1978408490515015003,1,1978408490515,20.35872,1,1978,0.06556708,20.210434,19.558949,19.9981,0.1942267,0.103660375,0.10658957,0.2299,231.66087,67.1873253,0.7271429,t17_f5_c3,19.7745,0.2399,True,True,False,1.1.2,0.0,0.974666,846120105.0,,ZTF20abcesru
ztf,59734.305092600174,1980305090515015003,1,1980305090515,20.383204,1,1980,0.069557875,20.144144,19.52207,20.054,0.18110667,0.09926116,0.102118514,0.2479,231.6608432,67.1872829,0.85714287,t17_f5_c3,20.1017,0.3315,True,True,False,1.1.2,0.0,0.99974656,846120105.0,,ZTF20abcesru
ztf,59736.205324099865,1982205320515015003,2,1982205320515,20.524246,1,1982,0.25801608,20.170547,19.182093,20.0021,0.17509602,0.066272445,0.070452176,0.2546,231.6606338,67.1872451,0.8314286,t17_f5_c3,19.9924,0.3226,True,True,False,1.1.2,0.0,0.99995506,846120205.0,,ZTF20abcesru
ztf,59738.28270829981,1984282700515015001,2,1984282700515,20.233025,1,1984,0.12490166,19.98792,19.104881,19.653,0.17269279,0.07326148,0.076569915,0.2301,231.6607759,67.1873397,0.7885714,t17_f5_c3,19.2137,0.197,True,True,False,1.1.2,0.0,0.99741244,846120205.0,,ZTF20abcesru
ztf,59748.26164350007,1994261640515015003,1,1994261640515,20.65841,1,1994,0.24876192,20.10168,19.497923,19.9704,0.15135925,0.08356653,0.08679715,0.1801,231.6609345,67.1872447,0.8385714,t17_f5_c3,20.0223,0.2409,True,True,False,1.1.2,0.0,0.99989796,846120105.0,,ZTF20abcesru
ztf,59750.26246530004,1996262460515015006,1,1996262460515,20.474972,1,1996,0.113886155,19.962294,19.415817,19.9477,0.1868367,0.110831894,0.11294617,0.2051,231.6608638,67.1872759,0.8642857,t17_f5_c3,20.2177,0.3355,True,True,False,1.1.2,0.0,0.9999852,846120105.0,,ZTF20abcesru
ztf,59750.34877309995,1996348770515015001,2,1996348770515,19.8875,1,1996,0.715442,19.9777,19.100336,19.583,0.223008,0.09689316,0.09939749,0.2196,231.6612942,67.1873058,0.372857,t17_f5_c3,19.4393,0.2465,False,True,False,1.1.2,0.0,,,1.998304780515015e+18,ZTF20abcesru
ztf,59752.30478010001,1998304780515015004,1,1998304780515,20.54793,1,1998,0.08449056,19.939348,19.401888,19.907,0.13961115,0.08234734,0.08510128,0.2001,231.6608569,67.187276,0.87142855,t17_f5_c3,20.1677,0.3246,True,True,False,1.1.2,0.0,0.96575934,846120105.0,,ZTF20abcesru
ztf,59755.31039350014,2001310390515015005,2,2001310390515,20.5704,1,2001,0.193683,19.7161,18.975904,18.8434,0.126163,0.0606644,0.063804775,0.0874,231.6607789,67.1872502,0.322857,t17_f5_c3,18.5201,0.0828,False,True,False,1.1.2,0.0,,,2.007221810515015e+18,ZTF20abcesru
ztf,59761.221817099955,2007221810515015005,2,2007221810515,20.713236,1,2007,0.078636244,19.723036,18.979404,19.6235,0.11627749,0.055162106,0.058619685,0.1601,231.6608322,67.1873061,0.81142855,t17_f5_c3,19.5692,0.1942,True,True,False,1.1.2,0.0,0.74590224,846120205.0,,ZTF20abcesru
ztf,59763.31049769977,2009310490515015003,2,2009310490515,20.422417,1,2009,0.12506783,19.726662,18.981232,19.5427,0.114494756,0.05409202,0.057625357,0.1714,231.6607096,67.1872712,0.9185714,t17_f5_c3,19.4124,0.1944,True,True,False,dev,0.0,0.99997705,846120205.0,,ZTF20abcesru
ztf,59763.38057869999,2009380570515015005,1,2009380570515,20.396315,1,2009,0.13401091,19.953655,19.410587,19.7394,0.18075438,0.107454084,0.10961282,0.1857,231.660761,67.1873022,0.8242857,t17_f5_c3,19.8101,0.2531,True,True,False,dev,0.0,0.99683964,846120105.0,,ZTF20abcesru
ztf,59765.27791670011,2011277910515015003,1,2011277910515,20.4066,1,2011,0.1522297,19.859732,19.352667,19.6627,0.16120364,0.09894701,0.101052865,0.1537,231.6607895,67.1872739,0.67142856,t17_f5_c3,19.6942,0.2021,True,True,False,dev,0.0,0.99828315,846120105.0,,ZTF20abcesru
ztf,59765.331400500145,2011331400515015002,2,2011331400515,20.424587,1,2011,0.17538868,19.677141,18.956026,19.5032,0.11661554,0.056796223,0.060021974,0.168,231.6606557,67.1872882,0.9057143,t17_f5_c3,19.2869,0.1761,True,True,False,dev,0.0,0.999718,846120205.0,,ZTF20abcesru
ztf,59768.305370400194,2014305370515015003,1,2014305370515,20.245737,1,2014,0.15445267,19.78704,19.306534,19.7557,0.12493104,0.07780657,0.0802541,0.2235,231.6609315,67.1872754,0.8642857,t17_f5_c3,19.7885,0.295,True,True,False,dev,0.0,0.999967,846120105.0,,ZTF20abcesru
ztf,59768.34896990005,2014348960515015003,1,2014348960515,20.417078,1,2014,0.010329088,19.853874,19.348991,19.498,0.14168547,0.08661415,0.08899629,0.1475,231.6608511,67.187306,0.74285716,t17_f5_c3,19.5086,0.1902,True,True,False,dev,0.0,0.9999901,846120105.0,,ZTF20abcesru
ztf,59772.22380790021,2018223800515015001,2,2018223800515,19.8517,1,2018,0.020578,19.5796,18.904728,19.0428,0.186345,0.09835734,0.10008504,0.1894,231.6607867,67.1873084,0.612857,t17_f5_c3,18.8714,0.2077,False,True,False,dev,0.0,,,2.020195430515015e+18,ZTF20abcesru
ztf,59772.3056481001,2018305640515015001,2,2018305640515,19.9505,1,2018,0.167202,19.624,18.92835,19.2005,0.132972,0.06746095,0.0700648,0.2116,231.6608913,67.1872871,0.757143,t17_f5_c3,19.0742,0.2414,False,True,False,dev,0.0,,,2.020195430515015e+18,ZTF20abcesru
ztf,59774.195439800154,2020195430515015002,2,2020195430515,19.942625,1,2020,0.14422,19.581785,18.905901,19.2185,0.1673704,0.087876394,0.08981009,0.2273,231.6608273,67.1872706,0.75,t17_f5_c3,18.9499,0.2279,True,True,False,dev,0.0,0.9980594,846120205.0,,ZTF20abcesru
ztf,59774.27594910003,2020275940515015002,2,2020275940515,19.5913,1,2020,0.38322,19.6213,18.926926,18.681,0.172423,0.08897404,0.09095899,0.172,231.660532,67.1873565,0.371429,t17_f5_c3,18.3894,0.1687,False,True,False,dev,0.0,,,2.025262560515015e+18,ZTF20abcesru
ztf,59776.324826399796,2022324820515015003,2,2022324820515,20.0856,1,2022,0.380452,19.4609,18.839367,18.8277,0.157276,0.08699592,0.08872569,0.1405,231.6608922,67.1872078,0.49,t17_f5_c3,18.659,0.1541,False,True,False,dev,0.0,,,2.025262560515015e+18,ZTF20abcesru
ztf,59779.262569400016,2025262560515015001,2,2025262560515,20.205452,1,2025,0.23364127,19.598501,18.914839,19.4039,0.13014597,0.06677083,0.06933713,0.1685,231.6608867,67.1872552,0.9057143,t17_f5_c3,19.5696,0.2505,True,True,False,dev,0.0,0.9978205,846120205.0,,ZTF20abcesru
ztf,59779.32040510001,2025320400515015002,2,2025320400515,20.0128,1,2025,0.159158,19.5623,18.895403,18.9422,0.143953,0.07569203,0.07788641,0.1408,231.6608046,67.1872614,0.488571,t17_f5_c3,18.7131,0.146,False,True,False,dev,0.0,,,2.029301620515015e+18,ZTF20abcesru
ztf,59783.301620400045,2029301620515015005,1,2029301620515,20.515142,1,2029,0.17735964,19.591328,19.17683,19.3588,0.12916015,0.08642697,0.08817179,0.1277,231.6607337,67.1872837,0.8414286,t17_f5_c3,19.2558,0.1483,True,True,False,dev,0.0,0.99999666,846120105.0,,ZTF20abcesru
ztf,59783.36601850018,2029366010515015000,2,2029366010515,20.373291,1,2029,0.072177015,19.532036,18.878923,19.5708,0.15897481,0.085215904,0.08711305,0.2039,231.6608082,67.1872888,0.7842857,t17_f5_c3,19.5141,0.2474,True,True,False,dev,0.0,0.9999839,846120205.0,,ZTF20abcesru
ztf,59785.286006900016,2031286000515015007,2,2031286000515,20.2238,1,2031,0.091171,19.4304,18.822056,18.9884,0.113224,0.06233635,0.06465477,0.1398,231.6608409,67.1873007,0.721429,t17_f5_c3,18.7086,0.1382,False,True,False,dev,0.0,,,2.031323220515015e+18,ZTF20abcesru
ztf,59785.32322920021,2031323220515015004,1,2031323220515,20.235416,1,2031,0.10394269,19.565395,19.159061,19.4073,0.1478069,0.10020197,0.10166252,0.1767,231.6608523,67.1873369,0.8742857,t17_f5_c3,19.2124,0.189,True,True,False,dev,0.0,0.9999503,846120105.0,,ZTF20abcesru
ztf,59787.23987270007,2033239870515015001,1,2033239870515,20.506918,1,2033,0.014296465,19.540974,19.142204,19.474,0.116526075,0.078917235,0.08070779,0.1451,231.6608475,67.1873062,0.9,t17_f5_c3,19.4736,0.1851,True,True,False,dev,0.0,0.99999976,846120105.0,,ZTF20abcesru
ztf,59789.23844909994,2035238440515015004,2,2035238440515,20.33516,1,2035,0.1403347,19.432037,18.82299,19.3009,0.14675182,0.08196637,0.08374611,0.1554,231.6608628,67.1872845,0.85142857,t17_f5_c3,19.2466,0.1888,True,True,False,dev,0.0,0.9999938,846120205.0,,ZTF20abcesru
ztf,59791.20164350001,2037201640515015002,2,2037201640515,20.130545,1,2037,0.17753091,19.440035,18.827547,19.4455,0.1320433,0.07310752,0.07511406,0.2113,231.6607529,67.1872556,0.9257143,t17_f5_c3,19.411,0.2621,True,True,False,dev,0.0,0.9996742,846120205.0,,ZTF20abcesru
ztf,59794.26194440015,2040261940515015001,2,2040261940515,20.19382,1,2040,0.030063627,19.454687,18.835857,19.5129,0.11472255,0.062510274,0.06488092,0.2087,231.6607804,67.1872964,0.94,t17_f5_c3,19.6313,0.2973,True,True,False,dev,0.0,0.99998635,846120205.0,,ZTF20abcesru
ztf,59797.29047450004,2043290470515015001,1,2043290470515,20.225449,1,2043,0.07712887,19.535393,19.138336,19.2941,0.1357682,0.09266481,0.094183624,0.1494,231.6608138,67.187294,0.84,t17_f5_c3,19.093,0.1591,True,True,False,dev,0.0,0.9999728,846120105.0,,ZTF20abcesru
ztf,59797.32756939996,2043327560515015004,2,2043327560515,20.226805,1,2043,0.16834076,19.392721,18.80038,19.5611,0.10208189,0.056716423,0.059157815,0.2136,231.6608988,67.1872918,0.93142855,t17_f5_c3,19.3678,0.2287,True,True,False,dev,0.0,0.9999741,846120205.0,,ZTF20abcesru
ztf,59799.22651620023,2045226510515015001,2,2045226510515,20.023926,1,2045,0.0940456,19.445736,18.830786,19.307,0.12989078,0.07166433,0.073722236,0.2253,231.6607496,67.1872813,0.8585714,t17_f5_c3,18.9335,0.2049,True,True,False,dev,0.0,0.9996202,846120205.0,,ZTF20abcesru
ztf,59802.24359950004,2048243590515015001,2,2048243590515,19.1829,1,2048,0.526187,19.2913,18.740456,18.3469,0.226522,0.13545513,0.13638704,0.2097,231.6609677,67.1871735,0.412857,t17_f5_c3,17.7946,0.162,False,True,False,dev,0.0,,,2.051205240515015e+18,ZTF20abcesru
ztf,59805.20524309995,2051205240515015002,2,2051205240515,20.037352,1,2051,0.18024477,19.481033,18.85068,19.1793,0.16619895,0.09131696,0.093000785,0.2011,231.66086,67.1872661,0.7271429,t17_f5_c3,18.8649,0.1932,True,True,False,dev,0.0,0.9998632,846120205.0,,ZTF20abcesru
ztf,59807.25993059995,2053259930515015004,1,2053259930515,20.0072,1,2053,0.092136,19.4431,19.073488,18.9951,0.154519,0.10878383,0.10993524,0.156,231.6608054,67.1872913,0.642857,t17_f5_c3,18.7014,0.1526,False,True,False,dev,0.0,,,2.053304530515015e+18,ZTF20abcesru
ztf,59807.304537000135,2053304530515015002,2,2053304530515,20.006521,1,2053,0.1062619,19.37368,18.789305,19.1113,0.113962665,0.06441238,0.066529214,0.1983,231.6608147,67.1873305,0.8442857,t17_f5_c3,18.7331,0.1797,True,True,False,dev,0.0,0.9999999,846120205.0,,ZTF20abcesru
ztf,59809.2433449002,2055243340515015001,1,2055243340515,20.309214,1,2055,0.017238868,19.432884,19.06621,19.292,0.115825355,0.081111714,0.08262923,0.141,231.6608455,67.1872999,0.9114286,t17_f5_c3,19.2948,0.1805,True,True,False,dev,0.0,0.99999493,846120105.0,,ZTF20abcesru
ztf,59812.18276620004,2058182760515015003,2,2058182760515,20.467676,1,2058,0.3518684,19.478115,18.849045,19.6726,0.11607607,0.06260586,0.06503014,0.2055,231.6608995,67.1872182,0.9242857,t17_f5_c3,19.9615,0.3422,True,True,False,dev,0.0,0.9999987,846120205.0,,ZTF20abcesru
ztf,59823.248645800166,2069248640515015004,1,2069248640515,20.209526,1,2069,0.16485621,19.60325,19.184956,19.4073,0.13886914,0.09281751,0.094468646,0.1695,231.6607473,67.1872893,0.8471429,t17_f5_c3,19.5602,0.2492,True,True,False,dev,0.0,0.9999727,846120105.0,,ZTF20abcesru
ztf,59825.17829860002,2071178290515015006,2,2071178290515,20.103039,1,2071,0.13011836,19.307547,18.75021,19.105,0.1252716,0.07323498,0.07497522,0.1568,231.6608187,67.1872722,0.93714285,t17_f5_c3,19.0827,0.1964,True,True,False,dev,0.0,0.9988335,846120205.0,,ZTF20abcesru
ztf,59825.23797449982,2071237970515015002,1,2071237970515,20.002468,1,2071,0.23643255,19.550041,19.148478,19.4601,0.15494376,0.105681315,0.10704055,0.2099,231.6609769,67.1872603,0.87142855,t17_f5_c3,19.1973,0.2111,True,True,False,dev,0.0,0.999931,846120105.0,,ZTF20abcesru
ztf,59923.51304400014,2169513040515015001,1,2169513040515,19.183764,1,2169,0.103565454,19.080547,18.803724,19.1096,0.15161872,0.116842285,0.1174961,0.2604,231.6609223,67.1872934,0.7114286,t17_f5_c3,19.322,0.4064,True,True,False,1.1.6,0.0,0.993248,846120105.0,,ZTF20abcesru
ztf,59923.5340741002,2169534070515015003,2,2169534070515,19.557377,1,2169,0.10888005,19.0248,18.57231,18.8158,0.1272818,0.08278671,0.08390168,0.1771,231.6608172,67.1872793,0.9185714,t17_f5_c3,19.0138,0.2724,True,True,False,1.1.6,0.0,0.99999535,846120205.0,,ZTF20abcesru
ztf,59930.533819399774,2176533810515015002,1,2176533810515,19.717014,1,2176,0.17592123,19.142132,18.851141,19.3222,0.14364661,0.1091115,0.109875016,0.1674,231.6609058,67.1872621,0.67285717,t17_f5_c3,19.354,0.2204,True,True,False,1.1.6,0.0,0.99991214,846120105.0,,ZTF20abcesru
ztf,59930.547280100174,2176547280515015002,2,2176547280515,19.740911,1,2176,0.057898067,19.090616,18.615244,18.8823,0.12511384,0.07949741,0.080752626,0.1253,231.6607389,67.1873127,0.6857143,t17_f5_c3,18.8365,0.1536,True,True,False,1.1.6,0.0,0.9999019,846120205.0,,ZTF20abcesru
ztf,59935.49829859985,2181498290515015004,1,2181498290515,20.301966,1,2181,0.05495314,19.266844,18.945219,19.3375,0.09687237,0.070642434,0.07203605,0.1364,231.6608283,67.1872893,0.92142856,t17_f5_c3,19.1561,0.1475,True,True,False,1.1.6,0.0,0.9999922,846120105.0,,ZTF20abcesru
ztf,59935.50472219987,2181504720515015001,2,2181504720515,20.318642,1,2181,0.043238644,19.192327,18.679792,19.2526,0.08506899,0.05087916,0.05305878,0.1462,231.6608002,67.1872909,0.94857144,t17_f5_c3,19.3036,0.1957,True,True,False,1.1.6,0.0,0.9999999,846120205.0,,ZTF20abcesru
ztf,59937.4926967998,2183492690515015002,1,2183492690515,20.142794,1,2183,0.1799368,19.249228,18.932093,19.4787,0.11318752,0.08336091,0.08451703,0.1556,231.6607316,67.1873186,0.87,t17_f5_c3,19.5641,0.215,True,True,False,1.1.6,0.0,0.99997383,846120105.0,,ZTF20abcesru
ztf,59937.51646990003,2183516460515015003,2,2183516460515,20.175085,1,2183,0.10458999,19.280716,18.734072,19.514,0.10823114,0.06347515,0.065417595,0.1861,231.6608401,67.1872967,0.93142855,t17_f5_c3,19.4016,0.2148,True,True,False,1.1.6,0.0,0.9999998,846120205.0,,ZTF20abcesru
ztf,59966.409374999814,2212409370515015004,1,2212409370515,19.802029,1,2212,0.22817154,19.23682,18.922813,19.2334,0.14064555,0.104413345,0.105323054,0.1398,231.6607332,67.1873503,0.5214286,t17_f5_c3,19.2935,0.1887,True,True,False,1.1.6,0.0,0.9983201,846120105.0,,ZTF20abcesru
ztf,59968.430381900165,2214430380515015005,1,2214430380515,19.930544,1,2214,0.312423,19.431868,19.065485,19.3399,0.13076408,0.09197219,0.09331148,0.1423,231.6609142,67.1872228,0.6357143,t17_f5_c3,19.5543,0.2213,True,True,False,1.1.6,0.0,0.99996626,846120105.0,,ZTF20abcesru
ztf,59968.453530100174,2214453530515015004,2,2214453530515,19.74511,1,2214,0.19263418,19.22687,18.701208,19.4536,0.105664566,0.06327701,0.065112524,0.1971,231.660813,67.1872525,0.80857146,t17_f5_c3,19.6311,0.2971,True,True,False,1.1.6,0.0,0.9998203,846120205.0,,ZTF20abcesru
ztf,59972.4481366002,2218448130515015002,1,2218448130515,20.01075,1,2218,0.091649055,19.27385,18.950424,19.2424,0.14120845,0.10386926,0.10483118,0.1153,231.6609062,67.1873267,0.5957143,t17_f5_c3,19.0541,0.1238,True,True,False,1.1.6,0.0,0.9982264,846120105.0,,ZTF20abcesru
ztf,59972.47432869999,2218474320515015002,2,2218474320515,20.054922,1,2218,0.111154884,19.12207,18.63544,19.2115,0.1055388,0.06584903,0.06741563,0.13,231.6608551,67.1872997,0.9114286,t17_f5_c3,19.2447,0.171,True,True,False,1.1.6,0.0,0.99995244,846120205.0,,ZTF20abcesru
ztf,59979.47439809982,2225474390515015003,2,2225474390515,19.557304,1,2225,0.2534801,19.06445,18.598284,18.8693,0.15166844,0.09773302,0.0987254,0.1964,231.6608885,67.1872485,0.94285715,t17_f5_c3,18.9392,0.2686,True,True,False,1.1.6,0.0,0.99961495,846120205.0,,ZTF20abcesru
ztf,59984.45082180016,2230450820515015003,2,2230450820515,19.520697,1,2230,0.105200864,19.184444,18.67487,19.1636,0.15945698,0.09859514,0.09972713,0.2029,231.6607374,67.1872732,0.9114286,t17_f5_c3,19.2001,0.2688,True,True,False,1.1.6,0.0,0.9997878,846120205.0,,ZTF20abcesru
ztf,59987.49624999985,2233496240515015002,2,2233496240515,20.068838,1,2233,0.10054311,19.241747,18.710352,19.1109,0.08885323,0.052218173,0.05446467,0.1422,231.6607604,67.187277,0.95,t17_f5_c3,19.1385,0.1863,True,True,False,1.1.6,0.0,0.9999995,846120205.0,,ZTF20abcesru
ztf,59993.315567099955,2239315560515015005,2,2239315560515,19.049576,1,2239,0.10214575,19.064497,18.598314,19.1564,0.1821118,0.117714785,0.11854005,0.2787,231.6607067,67.1873152,0.5942857,t17_f5_c3,19.3115,0.4125,True,True,False,1.1.6,0.0,0.9861671,846120205.0,,ZTF20abcesru
ztf,59993.433333300054,2239433330515015004,1,2239433330515,19.441412,1,2239,0.49023533,19.170635,18.872875,19.9074,0.16307928,0.12325984,0.12396379,0.3692,231.6610832,67.1872007,0.6528571,t17_f5_c3,19.8218,0.4373,True,True,False,1.1.6,0.0,0.9993483,846120105.0,,ZTF20abcesru
ztf,59996.43432869995,2242434320515015004,1,2242434320515,20.251997,1,2242,0.16609615,19.27746,18.953104,19.3295,0.098523475,0.07168613,0.073079735,0.116,231.6609059,67.187266,0.80714285,t17_f5_c3,19.3027,0.1443,True,True,False,1.1.6,0.0,0.99953943,846120105.0,,ZTF20abcesru
ztf,59996.492314800154,2242492310515015003,2,2242492310515,20.433117,1,2242,0.16438785,19.269508,18.727283,19.4074,0.07485302,0.042619333,0.04542757,0.1556,231.6608805,67.1872829,0.9514286,t17_f5_c3,19.5448,0.225,True,True,False,1.1.6,0.0,0.9999998,846120205.0,,ZTF20abcesru
ztf,60016.457395799924,2262457390515015005,1,2262457390515,20.126017,1,2262,0.046400584,19.303568,18.972408,19.3234,0.11822515,0.08593792,0.087145716,0.1612,231.6608423,67.18729,0.91714287,t17_f5_c3,19.4641,0.2346,True,True,False,1.1.6,0.0,0.99999833,846120105.0,,ZTF20abcesru
ztf,60016.47535880003,2262475350515015007,2,2262475350515,20.136337,1,2262,0.10252801,19.217701,18.695549,19.2531,0.10636617,0.06395919,0.06575708,0.1636,231.6608393,67.1872894,0.95428574,t17_f5_c3,19.5875,0.2845,True,True,False,1.1.6,0.0,0.9999997,846120205.0,,ZTF20abcesru
ztf,60021.37189809978,2267371890515015010,1,2267371890515,19.47566,1,2267,0.060183596,19.194433,18.890917,19.1348,0.18157773,0.13663873,0.1372955,0.2182,231.6608149,67.1873034,0.6742857,t17_f5_c3,19.3283,0.3335,True,True,False,1.1.6,0.0,0.99639094,846120105.0,,ZTF20abcesru
ztf,60021.45337959984,2267453370515015003,2,2267453370515,20.162539,1,2267,0.16260727,19.110376,18.627956,19.1857,0.07854838,0.04828244,0.050369717,0.132,231.660889,67.1873171,0.93714285,t17_f5_c3,19.4834,0.2213,True,True,False,1.1.6,0.0,0.9999993,846120205.0,,ZTF20abcesru
ztf,60032.32053240016,2278320530515015003,1,2278320530515,19.937408,1,2278,0.11541167,19.25988,18.940037,19.2986,0.14188181,0.10474313,0.1056791,0.1542,231.6607709,67.1873019,0.8357143,t17_f5_c3,19.2345,0.186,True,True,False,1.1.6,0.0,0.9999719,846120105.0,,ZTF20abcesru
ztf,60032.4144444,2278414440515015004,2,2278414440515,20.61367,1,2278,0.08604757,19.184397,18.674839,19.2393,0.078947306,0.04704767,0.049375813,0.1126,231.660778,67.1872805,0.95714283,t17_f5_c3,19.3431,0.1573,True,True,False,1.1.6,0.0,1.0,846120205.0,,ZTF20abcesru
ztf,60042.38327550003,2288383270515015004,1,2288383270515,19.722527,1,2288,0.18123794,19.290611,18.962843,19.2174,0.14596665,0.10697525,0.10793102,0.2263,231.6607883,67.1872636,0.85142857,t17_f5_c3,19.1054,0.2618,True,True,False,1.1.6,0.0,0.9998964,846120105.0,,ZTF20abcesru
ztf,60044.28322920017,2290283220515015003,2,2290283220515,20.060472,1,2290,0.15766017,19.267784,18.726236,19.5794,0.1000553,0.058694605,0.060760487,0.2218,231.6608495,67.1872742,0.9342857,t17_f5_c3,19.7322,0.3267,True,True,False,1.1.6,0.0,0.9999995,846120205.0,,ZTF20abcesru
ztf,60044.3203125,2290320310515015002,1,2290320310515,20.132063,1,2290,0.08421541,19.267344,18.945591,19.3842,0.107273124,0.078503594,0.07976083,0.1814,231.6607957,67.1873069,0.9142857,t17_f5_c3,19.4178,0.2395,True,True,False,1.1.6,0.0,0.99999774,846120105.0,,ZTF20abcesru
ztf,60046.28531249985,2292285310515015023,1,2292285310515,20.46736,1,2292,0.11055578,19.382574,19.03008,19.0672,0.100149795,0.07076168,0.07238576,0.1003,231.6608564,67.1872767,0.7557143,t17_f5_c3,18.7954,0.0997,True,True,False,1.1.6,0.0,0.9999741,846120105.0,,ZTF20abcesru
ztf,60046.366192100104,2292366190515015003,2,2292366190515,20.083618,1,2292,0.095805705,19.259514,18.721207,19.3095,0.12995873,0.077595994,0.07915582,0.214,231.6608439,67.1873072,0.9057143,t17_f5_c3,19.1395,0.2345,True,True,False,1.1.6,0.0,0.9999968,846120205.0,,ZTF20abcesru
ztf,60050.36523150001,2296365230515015007,1,2296365230515,20.691442,1,2296,0.0849461,19.315687,18.981329,19.1345,0.0841116,0.060074177,0.061817642,0.0896,231.6608373,67.1872851,0.9114286,t17_f5_c3,19.2189,0.1228,True,True,False,1.1.6,0.0,0.99999845,846120105.0,,ZTF20abcesru
ztf,60050.44474539999,2296444740515015007,2,2296444740515,20.603842,1,2296,0.016771374,19.284369,18.736279,19.2535,0.086114116,0.049503095,0.05198022,0.1215,231.6607738,67.1873013,0.95428574,t17_f5_c3,19.4623,0.187,True,True,False,1.1.6,0.0,1.0,846120205.0,,ZTF20abcesru
ztf,60053.38743059989,2299387430515015007,1,2299387430515,20.200413,1,2299,0.2350559,19.32506,18.988209,19.3233,0.11542183,0.08335335,0.08463454,0.1124,231.6609869,67.187265,0.64285713,t17_f5_c3,19.2944,0.1394,True,True,False,1.1.6,0.0,0.99740994,846120105.0,,ZTF20abcesru
ztf,60053.42850690009,2299428500515015005,2,2299428500515,20.290983,1,2299,0.20965546,19.232708,18.704802,19.3091,0.085940115,0.0505544,0.052848585,0.1385,231.6608324,67.1872499,0.93857145,t17_f5_c3,19.1557,0.1536,True,True,False,1.1.6,0.0,0.9999631,846120205.0,,ZTF20abcesru
ztf,60055.38248840021,2301382480515015002,2,2301382480515,20.501469,1,2301,0.098895974,19.349657,18.775215,19.3145,0.079064,0.043584906,0.0465803,0.1321,231.6608246,67.1872834,0.94714284,t17_f5_c3,19.1681,0.1473,True,True,False,1.1.6,0.0,0.9999986,846120205.0,,ZTF20abcesru
ztf,60055.42700230004,2301427000515015003,1,2301427000515,20.63887,1,2301,0.051619846,19.32004,18.984526,19.4589,0.10546317,0.076034516,0.0774275,0.1261,231.6608476,67.1872954,0.91,t17_f5_c3,19.6012,0.1829,True,True,False,1.1.6,0.0,0.99999833,846120105.0,,ZTF20abcesru
ztf,60057.30230320012,2303302300515015009,1,2303302300515,20.605211,1,2303,0.1423643,19.345867,19.003428,19.1626,0.09305456,0.06623271,0.067883104,0.1015,231.660836,67.1872685,0.89857143,t17_f5_c3,19.05,0.1165,True,True,False,1.2.0,0.0,0.999995,846120105.0,,ZTF20abcesru
ztf,60057.42605319992,2303426050515015004,2,2303426050515,20.386377,1,2303,0.19693232,19.371208,18.78786,19.4182,0.10397042,0.058434024,0.06075344,0.179,231.6608808,67.1872658,0.9242857,t17_f5_c3,19.475,0.2407,True,True,False,1.2.0,0.0,0.9999932,846120205.0,,ZTF20abcesru
ztf,60059.34079860011,2305340790515015004,1,2305340790515,20.4822,1,2305,0.152034,19.3495,19.006077,19.307,0.122628,0.0881227,0.08937582,0.105,231.6609103,67.1872698,0.888571,t17_f5_c3,19.363,0.1403,False,True,False,1.2.0,0.0,,,2.305432000515015e+18,ZTF20abcesru
ztf,60059.43200229993,2305432000515015008,2,2305432000515,20.388086,1,2305,0.18641238,19.365318,18.784416,19.2611,0.09701665,0.05434681,0.056817885,0.1283,231.6608597,67.1872641,0.95857143,t17_f5_c3,19.1908,0.1531,True,True,False,1.2.0,0.0,0.9999994,846120205.0,,ZTF20abcesru
ztf,60061.32131939987,2307321310515015001,2,2307321310515,20.50057,1,2307,0.056061726,19.233368,18.705208,19.1501,0.09073159,0.05361186,0.055782028,0.1226,231.6607811,67.1872822,0.94,t17_f5_c3,19.0436,0.1417,True,True,False,1.2.0,0.0,0.99987817,846120205.0,,ZTF20abcesru
ztf,60061.429560199846,2307429560515015004,1,2307429560515,20.582966,1,2307,0.08836641,19.320557,18.984905,19.2847,0.113977395,0.08237946,0.08366776,0.1088,231.6607935,67.1873048,0.91714287,t17_f5_c3,19.3142,0.1422,True,True,False,1.2.0,0.0,0.99999946,846120105.0,,ZTF20abcesru
ztf,60063.4066666998,2309406660515015006,2,2309406660515,20.487179,1,2309,0.22891527,19.248299,18.714363,19.081,0.103978336,0.06165928,0.06358701,0.1147,231.6608798,67.1872531,0.9042857,t17_f5_c3,18.8779,0.1214,True,True,False,1.2.0,0.0,0.99996036,846120205.0,,ZTF20abcesru
ztf,60063.42621529987,2309426210515015007,1,2309426210515,20.718788,1,2309,0.089840695,19.27937,18.95452,19.1796,0.081542015,0.058759563,0.06045627,0.0915,231.6608588,67.1872825,0.93142855,t17_f5_c3,19.0876,0.1067,True,True,False,1.2.0,0.0,0.9999981,846120105.0,,ZTF20abcesru
ztf,60065.401562499814,2311401560515015003,2,2311401560515,20.010086,1,2311,0.3125862,19.353,18.777185,18.9917,0.1448709,0.083637156,0.08524221,0.1488,231.6608581,67.1872229,0.79285717,t17_f5_c3,19.021,0.1957,True,True,False,1.2.0,0.0,0.9861164,846120205.0,,ZTF20abcesru
ztf,60065.45137730008,2311451370515015004,1,2311451370515,20.199287,1,2311,0.2317796,19.37579,19.025173,19.1802,0.1286323,0.091887824,0.09313303,0.117,231.6607404,67.1872608,0.73714286,t17_f5_c3,19.1233,0.1417,True,True,False,1.2.0,0.0,0.99876875,846120105.0,,ZTF20abcesru
ztf,60073.28268520022,2319282680515015003,1,2319282680515,20.226255,1,2319,0.030019023,19.508053,19.119297,19.7166,0.13041605,0.08964973,0.09116513,0.2278,231.6608804,67.1873064,0.9057143,t17_f5_c3,19.8494,0.3299,True,True,False,1.2.0,0.0,0.99999607,846120105.0,,ZTF20abcesru
ztf,60073.322534699924,2319322530515015004,2,2319322530515,20.164942,1,2319,0.17811829,19.386902,18.797003,19.5439,0.12638707,0.07146743,0.07340799,0.236,231.660898,67.1872878,0.87714285,t17_f5_c3,19.4104,0.2674,True,True,False,1.2.0,0.0,0.9998968,846120205.0,,ZTF20abcesru
ztf,60077.323078699876,2323323070515015003,2,2323323070515,20.359215,1,2323,0.19494867,19.272018,18.728806,19.169,0.092188284,0.05363356,0.05589731,0.1176,231.6608425,67.1872564,0.9557143,t17_f5_c3,19.0306,0.132,True,True,False,1.2.0,0.0,0.9999655,846120205.0,,ZTF20abcesru
ztf,60077.38916670019,2323389160515015002,1,2323389160515,20.419529,1,2323,0.16252917,19.424402,19.060152,19.2902,0.13386802,0.0944219,0.095714256,0.1064,231.660908,67.1872666,0.84,t17_f5_c3,19.2097,0.1258,True,True,False,1.2.0,0.0,0.9998694,846120105.0,,ZTF20abcesru
ztf,60079.347719899844,2325347710515015004,1,2325347710515,20.712965,1,2325,0.13663283,19.416826,19.05473,19.406,0.09622245,0.06714692,0.06893468,0.1097,231.660766,67.1872927,0.9142857,t17_f5_c3,19.3301,0.1301,True,True,False,1.2.0,0.0,0.9999999,846120105.0,,ZTF20abcesru
ztf,60079.40827549994,2325408270515015005,2,2325408270515,20.650404,1,2325,0.08128713,19.317156,18.75595,19.2749,0.11577791,0.067132674,0.069046795,0.1145,231.6608263,67.1872828,0.94857144,t17_f5_c3,19.3206,0.1517,True,True,False,1.2.0,0.0,0.99999785,846120205.0,,ZTF20abcesru
ztf,60082.362986099906,2328362980515015007,2,2328362980515,20.57741,1,2328,0.07281361,19.310223,18.75181,19.0158,0.100439206,0.05785965,0.0600535,0.1033,231.6607796,67.1873232,0.85142857,t17_f5_c3,18.959,0.1247,True,True,False,1.2.0,0.0,0.8623912,846120205.0,,ZTF20abcesru
ztf,60082.40592590021,2328405920515015005,1,2328405920515,20.596611,1,2328,0.0542564,19.359722,19.013517,19.3309,0.101428434,0.0721904,0.07373567,0.1193,231.6608963,67.187307,0.91,t17_f5_c3,19.1552,0.1295,True,True,False,1.2.0,0.0,0.99995023,846120105.0,,ZTF20abcesru
ztf,60084.283993099816,2330283990515015004,2,2330283990515,20.548038,1,2330,0.22648066,19.32062,18.758015,19.0372,0.09337032,0.05320728,0.055611793,0.1003,231.660891,67.1872533,0.88857144,t17_f5_c3,19.0342,0.127,True,True,False,1.2.0,0.0,0.99996185,846120205.0,,ZTF20abcesru
ztf,60084.36642359989,2330366420515015004,1,2330366420515,20.560038,1,2330,0.18597189,19.48052,19.099977,19.2565,0.11732627,0.081021994,0.08263771,0.1056,231.6609815,67.1872829,0.8042857,t17_f5_c3,19.143,0.121,True,True,False,1.2.0,0.0,0.99969244,846120105.0,,ZTF20abcesru
ztf,60086.36290509999,2332362900515015005,2,2332362900515,20.78321,1,2332,0.24004163,19.351183,18.776115,19.2124,0.094872616,0.053385325,0.055861622,0.1019,231.660731,67.1872394,0.92714286,t17_f5_c3,19.0844,0.1149,True,True,False,1.2.0,0.0,0.9999999,846120205.0,,ZTF20abcesru
ztf,60088.283692100085,2334283690515015009,1,2334283690515,20.813234,1,2334,0.13519317,19.406193,19.047102,19.5386,0.09000326,0.06277545,0.0646579,0.1102,231.6609524,67.1873001,0.9185714,t17_f5_c3,19.523,0.1378,True,True,False,1.2.0,0.0,0.99999833,846120105.0,,ZTF20abcesru
ztf,60088.38636570005,2334386360515015006,2,2334386360515,20.73139,1,2334,0.12952863,19.464258,18.84126,19.3331,0.087569214,0.046139896,0.049334675,0.1128,231.6608125,67.1872652,0.94714284,t17_f5_c3,19.202,0.1271,True,True,False,1.2.0,0.0,0.9999975,846120205.0,,ZTF20abcesru
ztf,60090.349919000175,2336349910515015004,2,2336349910515,20.013073,1,2336,0.4832014,19.426397,18.819769,19.3039,0.15151788,0.08495028,0.08665871,0.1288,231.6610372,67.1872144,0.5371429,t17_f5_c3,19.411,0.1811,True,True,False,1.2.0,0.0,0.99927145,846120205.0,,ZTF20abcesru
ztf,60092.29202549998,2338292020515015004,1,2338292020515,20.367002,1,2338,0.089612916,19.475266,19.096273,19.2236,0.12186855,0.084418274,0.08595973,0.1299,231.6608055,67.1872953,0.8457143,t17_f5_c3,19.0433,0.1405,True,True,False,1.2.0,0.0,0.9999982,846120105.0,,ZTF20abcesru
ztf,60092.3171064998,2338317100515015006,2,2338317100515,20.52384,1,2338,0.096219055,19.356447,18.779211,19.5036,0.1093055,0.06207738,0.06423143,0.1663,231.6608267,67.1872877,0.9257143,t17_f5_c3,19.4955,0.2107,True,True,False,1.2.0,0.0,0.99999964,846120205.0,,ZTF20abcesru
ztf,60093.40798609983,2339407980515015003,2,2339407980515,20.747982,1,2339,0.095643036,19.39347,18.800814,19.2071,0.070551425,0.03724959,0.04087362,0.1009,231.6608152,67.1872827,0.93142855,t17_f5_c3,19.1819,0.125,True,True,False,1.2.0,0.0,0.99999964,846120205.0,,ZTF20abcesru
ztf,60093.45543979993,2339455430515015002,1,2339455430515,20.640657,1,2339,0.11027563,19.417948,19.055532,19.2264,0.10581928,0.07416291,0.07578772,0.0973,231.6608183,67.1872802,0.88,t17_f5_c3,19.244,0.1254,True,True,False,1.2.0,0.0,0.9999965,846120105.0,,ZTF20abcesru
ztf,60098.319513900205,2344319510515015003,2,2344319510515,19.78282,1,2344,0.121260546,19.250498,18.715706,19.2583,0.123945035,0.07412271,0.075737804,0.2551,231.660769,67.1872708,0.92,t17_f5_c3,19.1828,0.3052,True,True,False,1.2.0,0.0,0.99991846,846120205.0,,ZTF20abcesru
ztf,60102.23704859987,2348237040515015048,1,2348237040515,19.454,1,2348,0.495462,19.6823,19.2381,19.6465,0.299633,0.19816712,0.19902574,0.2945,231.660579,67.1872195,0.467143,t17_f5_c3,19.5273,0.3384,False,True,False,1.2.0,0.0,,,2.350339820515015e+18,ZTF20abcesru
ztf,60104.339826399926,2350339820515015004,2,2350339820515,20.085829,1,2350,0.22063075,19.380821,18.793468,19.5205,0.121907994,0.06897678,0.070972614,0.1842,231.6608751,67.1872558,0.93,t17_f5_c3,19.6023,0.2538,True,True,False,1.2.0,0.0,0.9999009,846120205.0,,ZTF20abcesru
ztf,60109.281018500216,2355281010515015003,1,2355281010515,20.569494,1,2355,0.04133346,19.361341,19.014694,19.1717,0.1112936,0.079464994,0.08087441,0.0886,231.6608589,67.1872924,0.8642857,t17_f5_c3,19.1175,0.1069,True,True,False,1.2.0,0.0,0.99994975,846120105.0,,ZTF20abcesru
ztf,60109.32983799977,2355329830515015007,2,2355329830515,20.312235,1,2355,0.26432696,19.403732,18.806747,19.2055,0.09639803,0.052990258,0.055625528,0.1225,231.6608788,67.1872421,0.9057143,t17_f5_c3,19.0536,0.1359,True,True,False,1.2.0,0.0,0.99997044,846120205.0,,ZTF20abcesru
ztf,60111.28362269979,2357283620515015005,1,2357283620515,20.733545,1,2357,0.110770665,19.444098,19.074198,19.4688,0.092578426,0.06390568,0.065849066,0.117,231.660772,67.1872928,0.92142856,t17_f5_c3,19.49,0.1515,True,True,False,1.2.0,0.0,0.9999969,846120105.0,,ZTF20abcesru
ztf,60111.43343750015,2357433430515015001,1,2357433430515,20.553553,1,2357,0.09223552,19.463823,19.08819,19.2474,0.117646396,0.08166972,0.083238766,0.1051,231.6608801,67.1872737,0.8457143,t17_f5_c3,19.1308,0.1201,True,True,False,1.2.0,0.0,0.9999682,846120105.0,,ZTF20abcesru
ztf,60114.286006900016,2360286000515015004,1,2360286000515,20.52351,1,2360,0.16050857,19.39474,19.03886,19.3288,0.11276988,0.07978626,0.08125343,0.1158,231.6608519,67.1872627,0.87,t17_f5_c3,19.3707,0.1533,True,True,False,1.2.0,0.0,0.9999982,846120105.0,,ZTF20abcesru
ztf,60114.35063660005,2360350630515015005,2,2360350630515,20.465942,1,2360,0.12603055,19.333094,18.765427,19.1996,0.08797548,0.049546726,0.052154887,0.1208,231.6607707,67.1872604,0.9514286,t17_f5_c3,19.0328,0.1321,True,True,False,1.2.0,0.0,0.9999994,846120205.0,,ZTF20abcesru
ztf,60116.28253469989,2362282530515015012,2,2362282530515,20.381,1,2362,0.186234,19.4284,18.820913,18.7052,0.119893,0.06633849,0.06851711,0.0843,231.6608619,67.1872648,0.304286,t17_f5_c3,18.4745,0.0868,False,True,False,1.2.0,0.0,,,2.362344800515015e+18,ZTF20abcesru
ztf,60116.3448032001,2362344800515015002,1,2362344800515,20.283772,1,2362,0.116658196,19.438972,19.070549,19.3949,0.12258747,0.08586624,0.08731258,0.1472,231.6609238,67.1873207,0.91571426,t17_f5_c3,19.2839,0.1699,True,True,False,1.2.0,0.0,0.9999802,846120105.0,,ZTF20abcesru
ztf,60118.30403940007,2364304030515015003,2,2364304030515,20.257868,1,2364,0.1077783,19.323183,18.75954,19.4168,0.09812096,0.056093413,0.058385484,0.1594,231.6607818,67.1872744,0.9357143,t17_f5_c3,19.3097,0.1845,True,True,False,1.2.0,0.0,0.9999984,846120205.0,,ZTF20abcesru
ztf,60118.38379629981,2364383790515015008,1,2364383790515,20.000105,1,2364,0.30155638,19.472904,19.094608,19.4358,0.16523695,0.115496226,0.1166242,0.1514,231.6610586,67.1872817,0.61142856,t17_f5_c3,19.6312,0.2312,True,True,False,1.2.0,0.0,0.9961665,846120105.0,,ZTF20abcesru
ztf,60120.24289349979,2366242890515015005,2,2366242890515,20.453012,1,2366,0.031143611,19.382336,18.79435,19.3053,0.08728284,0.047951356,0.050784856,0.1424,231.6607719,67.1872961,0.9457143,t17_f5_c3,19.3305,0.1858,True,True,False,1.2.0,0.0,1.0,846120205.0,,ZTF20abcesru
ztf,60120.35070599988,2366350700515015002,1,2366350700515,20.441988,1,2366,0.14957334,19.44948,19.078022,19.3535,0.12530674,0.08756203,0.08900032,0.125,231.6609311,67.1872771,0.86285716,t17_f5_c3,19.2561,0.1459,True,True,False,1.2.0,0.0,0.99955195,846120105.0,,ZTF20abcesru
ztf,60124.3900462999,2370390040515015002,1,2370390040515,20.29089,1,2370,0.11118582,19.514212,19.123598,19.3377,0.14801629,0.10194574,0.103291444,0.1401,231.6608865,67.1873369,0.85571426,t17_f5_c3,19.2966,0.1721,True,True,False,1.2.0,0.0,0.99986994,846120105.0,,ZTF20abcesru
ztf,60124.42835649988,2370428350515015001,2,2370428350515,19.942411,1,2370,0.47732407,19.31278,18.75334,19.1859,0.1196471,0.069631815,0.07147029,0.1638,231.6610083,67.1872054,0.95,t17_f5_c3,19.1192,0.1971,True,True,False,1.2.0,0.0,0.9999935,846120205.0,,ZTF20abcesru
ztf,60128.29115739977,2374291150515015000,1,2374291150515,19.3353,1,2374,0.162221,19.771,19.296202,19.4444,0.287384,0.18455967,0.18558513,0.3871,231.6607496,67.1872892,0.675714,t17_f5_c3,19.2383,0.4114,False,True,False,1.2.0,0.0,,,2.374328050515015e+18,ZTF20abcesru
ztf,60128.32805560017,2374328050515015002,2,2374328050515,19.621628,1,2374,0.20635158,19.273151,18.729494,19.3886,0.13858825,0.08250582,0.08399688,0.3272,231.6606416,67.1872787,0.9242857,t17_f5_c3,19.162,0.3412,True,True,False,1.2.0,0.0,0.9999999,846120205.0,,ZTF20abcesru
ztf,60134.40184029983,2380401840515015004,1,2380401840515,20.087454,1,2380,0.20943801,19.450132,19.078485,19.1233,0.14308178,0.10034902,0.101607524,0.1515,231.6609168,67.1872537,0.76857144,t17_f5_c3,19.1099,0.1915,True,True,False,1.2.0,0.0,0.999993,846120105.0,,ZTF20abcesru
ztf,60136.35782410018,2382357820515015001,1,2382357820515,20.234547,1,2382,0.07460745,19.364435,19.016941,19.2686,0.13679975,0.09818277,0.099331655,0.1409,231.6608429,67.1873203,0.9071429,t17_f5_c3,19.1404,0.1601,True,True,False,1.2.0,0.0,0.9999994,846120105.0,,ZTF20abcesru
ztf,60138.21714119986,2384217140515015002,1,2384217140515,20.341904,1,2384,0.057273585,19.396141,19.039871,19.2485,0.10307233,0.07262756,0.074239306,0.1389,231.6608684,67.1872923,0.89428574,t17_f5_c3,19.1516,0.1622,True,True,False,1.2.0,0.0,0.99982756,846120105.0,,ZTF20abcesru
ztf,60140.28736109985,2386287360515015002,1,2386287360515,20.515835,1,2386,0.03160262,19.368029,19.019548,19.1567,0.12061622,0.086188406,0.08750118,0.1049,231.660865,67.1872995,0.87,t17_f5_c3,19.1726,0.1356,True,True,False,1.2.0,0.0,0.99690473,846120105.0,,ZTF20abcesru
ztf,60143.274733799975,2389274730515015001,1,2389274730515,20.474619,1,2389,0.117603816,19.405767,19.046795,19.2362,0.10751256,0.07567721,0.07724501,0.1154,231.660773,67.1873022,0.91,t17_f5_c3,19.2059,0.143,True,True,False,1.2.0,0.0,0.9995667,846120105.0,,ZTF20abcesru
ztf,60143.34583330015,2389345830515015003,2,2389345830515,20.347857,1,2389,0.2521642,19.38051,18.793287,19.0895,0.08827745,0.048607655,0.05139967,0.1304,231.6608526,67.1872404,0.87142855,t17_f5_c3,19.0209,0.1562,True,True,False,1.2.0,0.0,0.9999916,846120205.0,,ZTF20abcesru
ztf,60145.260034699924,2391260030515015003,2,2391260030515,20.580677,1,2391,0.09148154,19.34539,18.7727,19.0192,0.107924014,0.061538916,0.063685715,0.1037,231.6607047,67.1872903,0.79285717,t17_f5_c3,18.914,0.1199,True,True,False,1.2.0,0.0,0.9999997,846120205.0,,ZTF20abcesru
ztf,60145.341932899784,2391341930515015003,1,2391341930515,20.362104,1,2391,0.18761845,19.382223,19.029827,19.15,0.12155384,0.08653148,0.08786394,0.1231,231.6609491,67.1872683,0.87714285,t17_f5_c3,19.3104,0.1821,True,True,False,1.2.0,0.0,0.9999987,846120105.0,,ZTF20abcesru
ztf,60147.26456019981,2393264560515015002,2,2393264560515,20.230112,1,2393,0.034966093,19.298895,18.745024,19.1551,0.12128994,0.071048595,0.072824255,0.1405,231.6607883,67.1873132,0.9514286,t17_f5_c3,19.1875,0.185,True,True,False,1.2.0,0.0,0.99924475,846120205.0,,ZTF20abcesru
ztf,60147.306828700006,2393306820515015001,1,2393306820515,20.39188,1,2393,0.09182599,19.368732,19.02006,19.176,0.11769384,0.084018536,0.08536594,0.1247,231.6609158,67.1873199,0.9014286,t17_f5_c3,19.0999,0.1485,True,True,False,1.2.0,0.0,0.99996454,846120105.0,,ZTF20abcesru
ztf,60149.240011599846,2395240010515015024,2,2395240010515,20.062166,1,2395,0.14289698,19.42511,18.81903,19.0826,0.13627428,0.07607942,0.07797988,0.1765,231.6608516,67.1872775,0.7728571,t17_f5_c3,18.9158,0.1937,True,True,False,1.2.0,0.0,0.9995103,846120205.0,,ZTF20abcesru
ztf,60149.355474499986,2395355470515015003,1,2395355470515,20.043644,1,2395,0.23416103,19.432093,19.065645,19.1886,0.13707145,0.09652924,0.09780652,0.1469,231.6607581,67.1872543,0.8214286,t17_f5_c3,19.0854,0.1709,True,True,False,1.2.0,0.0,0.9995884,846120105.0,,ZTF20abcesru
ztf,60151.34491899982,2397344910515015001,1,2397344910515,20.295198,1,2397,0.19334881,19.395498,19.039408,19.0507,0.1224562,0.086864546,0.08821542,0.1235,231.6609144,67.1872582,0.79,t17_f5_c3,18.9891,0.1491,True,True,False,1.2.0,0.0,0.9999858,846120105.0,,ZTF20abcesru
ztf,60153.23525460018,2399235250515015002,2,2399235250515,20.145142,1,2399,0.1520701,19.314644,18.754452,19.0892,0.116171956,0.06744619,0.06934647,0.1576,231.6608649,67.1872796,0.93714285,t17_f5_c3,19.1887,0.221,True,True,False,1.2.0,0.0,0.9610083,846120205.0,,ZTF20abcesru
ztf,60153.31730319979,2399317300515015003,1,2399317300515,20.041115,1,2399,0.13821158,19.488087,19.1053,19.2229,0.15289922,0.10622137,0.10747099,0.1826,231.6608427,67.1872693,0.83285713,t17_f5_c3,19.1806,0.2251,True,True,False,1.2.0,0.0,0.99995446,846120105.0,,ZTF20abcesru
ztf,60155.24395829998,2401243950515015002,1,2401243950515,19.781626,1,2401,0.10161843,19.356997,19.011536,19.1805,0.1635136,0.11800312,0.1189513,0.2243,231.6608623,67.1872793,0.8528572,t17_f5_c3,19.2709,0.3128,True,True,False,1.2.0,0.0,0.9999999,846120105.0,,ZTF20abcesru
ztf,60155.28179399995,2401281790515015003,2,2401281790515,20.031366,1,2401,0.2185369,19.232244,18.704517,19.1614,0.110192455,0.06600123,0.06777362,0.2049,231.6609198,67.1872831,0.9071429,t17_f5_c3,18.882,0.203,True,True,False,1.2.0,0.0,0.99999994,846120205.0,,ZTF20abcesru
ztf,60159.242071799934,2405242070515015002,2,2405242070515,19.9127,1,2405,0.275718,19.3397,18.769339,18.7963,0.130322,0.075314514,0.07706782,0.1508,231.6609215,67.1872518,0.63,t17_f5_c3,18.5749,0.1577,False,True,False,1.2.0,0.0,,,2.407282330515015e+18,ZTF20abcesru
ztf,60161.2823379999,2407282330515015004,1,2407282330515,19.828981,1,2407,0.037605423,19.340921,18.999817,19.0349,0.14007175,0.10122753,0.10230782,0.1704,231.6608846,67.1872999,0.82,t17_f5_c3,18.9536,0.2028,True,True,False,1.2.0,0.0,0.99679786,846120105.0,,ZTF20abcesru
ztf,60163.26655089995,2409266550515015002,2,2409266550515,20.354729,1,2409,0.10450387,19.301714,18.746716,19.2302,0.07996406,0.045211326,0.047961768,0.1434,231.6608094,67.1872766,0.9457143,t17_f5_c3,19.0423,0.1541,True,True,False,1.2.0,0.0,0.99999535,846120205.0,,ZTF20abcesru
ztf,60163.298460599966,2409298460515015001,1,2409298460515,20.03075,1,2409,0.17250119,19.37362,19.023602,19.1396,0.1305107,0.09332235,0.09454515,0.1546,231.6609575,67.1873368,0.87142855,t17_f5_c3,18.9178,0.1615,True,True,False,1.2.0,0.0,0.99351233,846120105.0,,ZTF20abcesru
ztf,60166.26179399993,2412261790515015005,2,2412261790515,20.57582,1,2412,0.122642376,19.328451,18.762672,19.1653,0.10628428,0.06099221,0.06311863,0.1169,231.6608604,67.1872913,0.8757143,t17_f5_c3,19.113,0.1419,True,True,False,1.2.0,0.0,0.9999541,846120205.0,,ZTF20abcesru
ztf,60169.30515050003,2415305150515015003,2,2415305150515,20.015131,1,2415,0.27313375,19.441547,18.828407,19.1539,0.1611498,0.089976095,0.09161649,0.1621,231.6609676,67.1872843,0.7785714,t17_f5_c3,18.8857,0.1621,True,True,False,1.2.0,0.0,0.99948883,846120205.0,,ZTF20abcesru
ztf,60171.24489580002,2417244890515015003,2,2417244890515,20.293509,1,2417,0.014550941,19.395884,18.802212,19.1049,0.14943205,0.084835,0.08649178,0.1315,231.660765,67.1873042,0.83,t17_f5_c3,18.9758,0.1491,True,True,False,1.2.0,0.0,0.9997686,846120205.0,,ZTF20abcesru
ztf,60171.24489580002,2417244890515025003,2,2417244890515,20.2935,1,2417,0.014551,19.3959,18.802221,19.1049,0.149432,0.08483436,0.08649118,0.1315,231.660765,67.1873042,0.83,t17_f5_c3,18.9758,0.1491,False,True,False,1.2.0,0.0,,,2.428252100515015e+18,ZTF20abcesru
ztf,60171.28379630018,2417283790515015001,1,2417283790515,20.342403,1,2417,0.121658325,19.42215,19.05854,19.0856,0.13601637,0.096040666,0.09730779,0.1195,231.6609443,67.1872919,0.74714285,t17_f5_c3,18.923,0.1314,True,True,False,1.2.0,0.0,0.9999901,846120105.0,,ZTF20abcesru
ztf,60171.28379630018,2417283790515025001,1,2417283790515,20.3424,1,2417,0.121658,19.4221,19.058506,19.0856,0.136016,0.09604176,0.097308785,0.1195,231.6609443,67.1872919,0.747143,t17_f5_c3,18.923,0.1314,False,True,False,1.2.0,0.0,,,2.428252100515015e+18,ZTF20abcesru
ztf,60173.20418980019,2419204180515015004,1,2419204180515,20.3646,1,2419,0.045960646,19.427435,19.062319,19.1736,0.12903066,0.0908341,0.09218211,0.1165,231.6608901,67.1873094,0.85,t17_f5_c3,19.0805,0.1365,True,True,False,1.2.0,0.0,0.9917017,846120105.0,,ZTF20abcesru
ztf,60173.24593750015,2419245930515015001,2,2419245930515,20.395185,1,2419,0.12515303,19.350458,18.775688,19.0446,0.104937315,0.05957777,0.06180474,0.1254,231.6607978,67.1872706,0.8457143,t17_f5_c3,18.9589,0.1479,True,True,False,1.2.0,0.0,0.9999869,846120205.0,,ZTF20abcesru
ztf,60182.25210649986,2428252100515015002,2,2428252100515,19.958801,1,2428,0.06635661,19.305471,18.748966,19.8253,0.1472937,0.086752445,0.088223115,0.3372,231.6608237,67.1873047,0.9028571,t17_f5_c3,19.6775,0.3771,True,True,False,1.2.0,0.0,0.99999225,846120205.0,,ZTF20abcesru
ztf,60182.25635420019,2428256350515015001,1,2428256350515,19.713411,1,2428,0.2497678,19.431953,19.065546,19.2397,0.14598317,0.10297115,0.10416926,0.1979,231.6609492,67.1872473,0.7271429,t17_f5_c3,19.1476,0.2332,True,True,False,1.2.0,0.0,0.99838465,846120105.0,,ZTF20abcesru
ztf,60184.1640625,2430164060515015001,2,2430164060515,19.8896,1,2430,0.223686,19.3275,18.762108,18.6772,0.138848,0.080872625,0.08248647,0.129,231.6608284,67.1872452,0.528571,t17_f5_c3,18.6377,0.1593,False,True,False,1.2.0,0.0,,,2.440160770515015e+18,ZTF20abcesru
ztf,60184.1988309999,2430198830515015002,1,2430198830515,19.7432,1,2430,0.234302,19.5595,19.155003,19.0691,0.205422,0.14049219,0.14152981,0.1972,231.660846,67.1872421,0.565714,t17_f5_c3,18.8299,0.203,False,True,False,1.2.0,0.0,,,2.440160770515015e+18,ZTF20abcesru
ztf,60194.160775499884,2440160770515015003,1,2440160770515,20.344875,1,2440,0.13901356,19.49866,19.112722,19.4152,0.120471284,0.082813695,0.084432326,0.1465,231.6609299,67.1872808,0.88857144,t17_f5_c3,19.3601,0.1779,True,True,False,1.2.0,0.0,0.9998603,846120105.0,,ZTF20abcesru
ztf,60194.202048600186,2440202040515015002,2,2440202040515,20.310312,1,2440,0.12167421,19.379646,18.792784,19.201,0.094021626,0.05215323,0.054762423,0.1481,231.6607942,67.1872642,0.93857145,t17_f5_c3,18.9972,0.157,True,True,False,1.2.0,0.0,0.99999976,846120205.0,,ZTF20abcesru
ztf,60221.13659719983,2467136590515015002,2,2467136590515,19.915321,1,2467,0.11161563,19.360266,18.781454,19.7574,0.13649303,0.07836721,0.080091335,0.3323,231.6607007,67.1872927,0.94,t17_f5_c3,19.6284,0.3784,True,True,False,1.2.1,0.0,0.9999989,846120205.0,,ZTF20abcesru
ztf,60221.15768520022,2467157680515015002,1,2467157680515,19.975977,1,2467,0.18471666,19.40124,19.043541,19.067,0.14058761,0.09994181,0.10112707,0.1548,231.6607455,67.1872789,0.80142856,t17_f5_c3,19.0525,0.1955,True,True,False,1.2.1,0.0,0.99999607,846120105.0,,ZTF20abcesru
ztf,60223.155254600104,2469155250515015001,1,2469155250515,19.973522,1,2469,0.2690843,19.471973,19.09395,19.1544,0.15842065,0.11066617,0.111841455,0.1624,231.66105,67.1872966,0.69857144,t17_f5_c3,18.9785,0.1769,True,True,False,1.2.1,0.0,0.995255,846120105.0,,ZTF20abcesru
ztf,60291.53449069988,2537534490515015003,2,2537534490515,20.08323,1,2537,0.2892637,19.47203,18.845633,19.6169,0.11857336,0.0642427,0.06659287,0.2095,231.6608228,67.1872254,0.93714285,t17_f5_c3,19.7133,0.2929,True,True,False,23.12.x,0.0,0.99999774,846120205.0,,ZTF20abcesru
ztf,60311.48237269977,2557482370515015001,1,2557482370515,19.724844,1,2557,0.22177695,19.470669,19.093029,19.6069,0.15822342,0.11056733,0.11174166,0.2555,231.6607189,67.1872758,0.61142856,t17_f5_c3,19.7483,0.3732,True,True,False,23.12.x,0.0,0.9984372,846120105.0,,ZTF20abcesru
ztf,60311.52082179999,2557520820515015003,2,2557520820515,19.872612,1,2557,0.0685606,19.352425,18.776846,19.3644,0.13675542,0.078783765,0.08048462,0.2036,231.6607799,67.1872855,0.95714283,t17_f5_c3,19.0926,0.2033,True,True,False,23.12.x,0.0,0.99994683,846120205.0,,ZTF20abcesru
ztf,60315.47340280004,2561473400515015002,2,2561473400515,19.816952,1,2561,0.18644135,19.369406,18.786808,19.5162,0.14368387,0.082358934,0.08401728,0.2285,231.6606426,67.187295,0.9,t17_f5_c3,19.1323,0.2057,True,True,False,23.12.x,0.0,0.9998912,846120205.0,,ZTF20abcesru
ztf,60315.5515509001,2561551550515015004,1,2561551550515,20.09213,1,2561,0.3706375,19.512115,19.122135,19.4899,0.117764674,0.08053635,0.08222863,0.152,231.6605967,67.1872817,0.8,t17_f5_c3,19.6179,0.2183,True,True,False,23.12.x,0.0,0.99951637,846120105.0,,ZTF20abcesru
ztf,60327.40592590021,2573405920515015001,2,2573405920515,19.968864,1,2573,0.18968378,19.358158,18.780216,19.4428,0.10947157,0.062131036,0.06428721,0.1965,231.6608942,67.1872778,0.93142855,t17_f5_c3,19.4374,0.2502,True,True,False,23.12.x,0.0,0.9999838,846120205.0,,ZTF20abcesru
ztf,60327.51325230021,2573513250515015003,1,2573513250515,20.34142,1,2573,0.19896804,19.45485,19.081833,19.5134,0.13258202,0.09266279,0.09403259,0.14,231.6608149,67.1872543,0.8442857,t17_f5_c3,19.4693,0.1715,True,True,False,23.12.x,0.0,0.9999254,846120105.0,,ZTF20abcesru
ztf,60351.411574100144,2597411570515015002,1,2597411570515,20.13711,1,2597,0.17768903,19.458342,19.084309,19.4048,0.12329208,0.08587901,0.08736195,0.1539,231.6609538,67.1872748,0.8371429,t17_f5_c3,19.3219,0.1823,True,True,False,23.12.x,0.0,0.9997786,846120105.0,,ZTF20abcesru
ztf,60351.49234949984,2597492340515015004,2,2597492340515,20.319492,1,2597,0.10181696,19.409262,18.809935,19.5084,0.09472922,0.051838346,0.054544766,0.1816,231.6607234,67.1872844,0.9457143,t17_f5_c3,19.5985,0.2522,True,True,False,23.12.x,0.0,0.9999976,846120205.0,,ZTF20abcesru
ztf,60353.409317099955,2599409310515015002,1,2599409310515,20.43224,1,2599,0.15750611,19.548347,19.147306,19.8163,0.10479348,0.070410036,0.07242989,0.1955,231.6607385,67.1872909,0.8957143,t17_f5_c3,19.9598,0.2852,True,True,False,23.12.x,0.0,0.9999989,846120105.0,,ZTF20abcesru
ztf,60353.45250000013,2599452490515015001,2,2599452490515,20.339684,1,2599,0.019765861,19.379536,18.792719,19.4562,0.10689585,0.059981875,0.062263597,0.1731,231.6607723,67.1872993,0.93142855,t17_f5_c3,19.6141,0.2555,True,True,False,23.12.x,0.0,0.99996895,846120205.0,,ZTF20abcesru
ztf,60355.40708329994,2601407080515015002,1,2601407080515,20.272968,1,2601,0.20856702,19.484533,19.102802,19.6265,0.10397149,0.071311325,0.073151305,0.1568,231.6607083,67.1873139,0.8542857,t17_f5_c3,19.6893,0.2118,True,True,False,23.12.x,0.0,0.9998343,846120105.0,,ZTF20abcesru
ztf,60355.450659700204,2601450650515015003,2,2601450650515,20.177446,1,2601,0.106728934,19.477335,18.848608,19.4073,0.11110936,0.059733048,0.062267277,0.1553,231.6607897,67.1872755,0.94,t17_f5_c3,19.4454,0.2051,True,True,False,23.12.x,0.0,0.999997,846120205.0,,ZTF20abcesru
ztf,60369.41072920011,2615410720515015004,2,2615410720515,20.310986,1,2615,0.12212219,19.424644,18.818766,19.2023,0.09441444,0.05125717,0.05403644,0.1524,231.6608201,67.187277,0.93,t17_f5_c3,19.1048,0.1783,True,True,False,23.12.x,0.0,0.9999989,846120205.0,,ZTF20abcesru
ztf,60369.46979170013,2615469790515015002,1,2615469790515,20.1806,1,2615,0.16908455,19.577972,19.167696,19.6694,0.12867086,0.08646463,0.08817987,0.2324,231.6608478,67.1872603,0.9057143,t17_f5_c3,19.6072,0.2811,True,True,False,23.12.x,0.0,0.9997486,846120105.0,,ZTF20abcesru
ztf,60379.30532409996,2625305320515015002,2,2625305320515,19.75376,1,2625,0.04941499,19.426329,18.819729,19.2905,0.13034993,0.07256127,0.07455399,0.215,231.6608007,67.1872924,0.93142855,t17_f5_c3,19.4534,0.3199,True,True,False,23.12.x,0.0,0.9996503,846120205.0,,ZTF20abcesru
ztf,60379.36803240003,2625368030515015003,1,2625368030515,20.140493,1,2625,0.034094956,19.413845,19.052593,19.5824,0.13336115,0.09433984,0.09561554,0.1852,231.6608267,67.1873093,0.87142855,t17_f5_c3,19.7206,0.2688,True,True,False,23.12.x,0.0,0.99902344,846120105.0,,ZTF20abcesru
ztf,60388.43254629988,2634432540515015001,1,2634432540515,20.180685,1,2634,0.19036418,19.373688,19.023651,19.3785,0.11033322,0.07847631,0.07992669,0.1631,231.6608097,67.1872563,0.91,t17_f5_c3,19.4598,0.2249,True,True,False,23.12.x,0.0,0.99999404,846120105.0,,ZTF20abcesru
ztf,60391.323958300054,2637323950515015000,1,2637323950515,19.547745,1,2637,0.10753716,19.469357,19.092102,19.7978,0.18279998,0.12813112,0.12914412,0.3954,231.6609338,67.1872944,0.86714286,t17_f5_c3,19.3971,0.351,True,True,False,23.12.x,0.0,0.9999229,846120105.0,,ZTF20abcesru
ztf,60396.450347200036,2642450340515015004,2,2642450340515,19.7809,1,2642,0.35526145,19.334837,18.76646,19.0335,0.14988504,0.08728966,0.0887989,0.181,231.6610301,67.1873063,0.94,t17_f5_c3,19.0113,0.2274,True,True,False,23.12.x,0.0,0.99987257,846120205.0,,ZTF20abcesru
ztf,60398.30597219989,2644305970515015002,1,2644305970515,19.675192,1,2644,0.09153642,19.379196,19.02764,19.6884,0.19843131,0.14273636,0.1435448,0.2955,231.66085,67.1873334,0.82285714,t17_f5_c3,19.7127,0.3878,True,True,False,23.12.x,0.0,0.9999894,846120105.0,,ZTF20abcesru
ztf,60398.40658560023,2644406580515015005,2,2644406580515,20.025011,1,2644,0.036012642,19.275759,18.731073,19.4303,0.12832287,0.07608247,0.077701546,0.2132,231.6607641,67.1872956,0.9457143,t17_f5_c3,19.597,0.3182,True,True,False,23.12.x,0.0,0.999987,846120205.0,,ZTF20abcesru
ztf,60404.38709490001,2650387090515015006,1,2650387090515,20.350346,1,2650,0.06716091,19.347681,19.00475,19.3671,0.11899818,0.08548153,0.08676967,0.1151,231.660846,67.1872894,0.76428574,t17_f5_c3,19.3466,0.1438,True,True,False,23.12.x,0.0,0.99999607,846120105.0,,ZTF20abcesru
ztf,60404.50043979986,2650500430515015004,2,2650500430515,20.617487,1,2650,0.12455611,19.282177,18.734955,19.4412,0.09639395,0.05603728,0.05823188,0.1371,231.6608651,67.1872929,0.94857144,t17_f5_c3,19.4397,0.1743,True,True,False,23.12.x,0.0,0.99999976,846120205.0,,ZTF20abcesru
ztf,60412.4488309999,2658448830515015001,2,2658448830515,20.607555,1,2658,0.07150204,19.29013,18.739752,19.5842,0.08901684,0.051205713,0.05361927,0.1622,231.6607781,67.1872846,0.94285715,t17_f5_c3,19.7424,0.239,True,True,False,24.4.1,0.0,0.9999997,846120205.0,,ZTF20abcesru
ztf,60412.46758100018,2658467580515015001,1,2658467580515,20.652256,1,2658,0.031776045,19.37209,19.022493,19.5335,0.09943103,0.07044951,0.07205823,0.1255,231.6608352,67.1873143,0.92714286,t17_f5_c3,19.6936,0.1848,True,True,False,24.4.1,0.0,0.9999992,846120105.0,,ZTF20abcesru
ztf,60416.345891200006,2662345890515015002,1,2662345890515,19.958305,1,2662,0.09776489,19.451674,19.07958,19.686,0.14714915,0.103226595,0.10445289,0.2464,231.6608139,67.1873296,0.89428574,t17_f5_c3,19.6146,0.2958,True,True,False,24.4.1,0.0,0.99999464,846120105.0,,ZTF20abcesru
ztf,60418.3510532002,2664351050515015001,2,2664351050515,19.934278,1,2664,0.14713326,19.352852,18.777098,19.1975,0.12080898,0.06915568,0.07108816,0.194,231.6608474,67.1872733,0.95428574,t17_f5_c3,19.0773,0.2225,True,True,False,24.4.1,0.0,0.9999893,846120205.0,,ZTF20abcesru
ztf,60421.342442099936,2667342440515015002,1,2667342440515,19.74814,1,2667,0.30031165,19.363712,19.016417,19.2885,0.17757916,0.12808356,0.1289655,0.239,231.6606452,67.1872881,0.8457143,t17_f5_c3,19.5325,0.3836,True,True,False,24.4.1,0.0,0.9963896,846120105.0,,ZTF20abcesru
ztf,60421.43228009995,2667432280515015004,2,2667432280515,20.11468,1,2667,0.10616528,19.25568,18.71887,18.9556,0.119663976,0.07129869,0.07298601,0.1514,231.6608445,67.1872915,0.8314286,t17_f5_c3,18.79,0.1664,True,True,False,24.4.1,0.0,0.9999409,846120205.0,,ZTF20abcesru
ztf,60423.28564810008,2669285640515015002,1,2669285640515,19.317116,1,2669,0.14763695,19.533136,19.13677,19.9231,0.19893472,0.13706219,0.13809061,0.5769,231.6607883,67.1872754,0.8,t17_f5_c3,19.4751,0.4909,True,True,False,24.4.1,0.0,0.9999567,846120105.0,,ZTF20abcesru
ztf,60423.42967589991,2669429670515015001,2,2669429670515,19.923677,1,2669,0.21270989,19.383768,18.795183,19.4922,0.1287463,0.072973475,0.07486873,0.2937,231.660919,67.1873267,0.92,t17_f5_c3,19.4074,0.3485,True,True,False,24.4.1,0.0,0.9999293,846120205.0,,ZTF20abcesru
ztf,60429.32438659994,2675324380515015002,1,2675324380515,20.484787,1,2675,0.086815394,19.420422,19.057304,19.7784,0.114622876,0.08053622,0.08203974,0.1925,231.6609014,67.1872909,0.8757143,t17_f5_c3,19.8955,0.2741,True,True,False,24.4.1,0.0,0.99999785,846120105.0,,ZTF20abcesru
ztf,60429.36859950004,2675368590515015003,2,2675368590515,20.278109,1,2675,0.054544274,19.433603,18.823883,19.5169,0.10342928,0.05642733,0.058986906,0.1952,231.6608052,67.1872954,0.94857144,t17_f5_c3,19.4691,0.239,True,True,False,24.4.1,0.0,0.9999988,846120205.0,,ZTF20abcesru
ztf,60431.339560199995,2677339560515015005,1,2677339560515,20.865725,1,2677,0.082624376,19.473955,19.09535,19.4638,0.109819315,0.075777724,0.07748837,0.0986,231.6608205,67.1872886,0.89,t17_f5_c3,19.5633,0.1367,True,True,False,24.4.1,0.0,0.99999684,846120105.0,,ZTF20abcesru
ztf,60434.321909700055,2680321900515015003,1,2680321900515,20.702694,1,2680,0.10560767,19.47755,19.097885,19.4487,0.10824507,0.074557014,0.07630307,0.1049,231.6609329,67.1873058,0.87857145,t17_f5_c3,19.5898,0.1514,True,True,False,24.4.1,0.0,0.99999976,846120105.0,,ZTF20abcesru
ztf,60434.35037040012,2680350370515015001,2,2680350370515,20.561161,1,2680,0.1337719,19.404543,18.807215,19.315,0.085377246,0.046250798,0.049250536,0.1175,231.6607663,67.187267,0.93857145,t17_f5_c3,19.3445,0.1535,True,True,False,24.4.1,0.0,0.99999964,846120205.0,,ZTF20abcesru
ztf,60436.471597199794,2682471590515015002,2,2682471590515,19.99371,1,2682,0.16863468,19.44734,18.831696,19.5614,0.12952791,0.0714006,0.07346931,0.2091,231.6608781,67.1872829,0.7771429,t17_f5_c3,19.4307,0.2374,True,True,False,24.4.1,0.0,0.99993557,846120205.0,,ZTF20abcesru
ztf,60437.30344909988,2683303440515015003,1,2683303440515,20.30245,1,2683,0.16984147,19.469053,19.091888,19.4627,0.12235017,0.08492456,0.086444765,0.1394,231.6608946,67.1872541,0.8457143,t17_f5_c3,19.4709,0.1793,True,True,False,24.4.1,0.0,0.99990064,846120105.0,,ZTF20abcesru
ztf,60437.325914400164,2683325910515015002,3,2683325910515,19.454227,1,2683,0.20520695,19.515099,18.705029,19.3894,0.18895891,0.08498926,0.08960644,0.3134,231.6608774,67.1872397,0.82,t17_f5_c3,19.2723,0.3604,True,True,False,24.4.1,0.0,0.9999273,846120305.0,,ZTF20abcesru
ztf,60437.38711810019,2683387110515015004,2,2683387110515,20.290445,1,2683,0.16836746,19.321514,18.758547,19.3385,0.10472625,0.060217842,0.06235465,0.1518,231.6608943,67.1873166,0.93714285,t17_f5_c3,19.5007,0.2248,True,True,False,24.4.1,0.0,0.99999976,846120205.0,,ZTF20abcesru
ztf,60438.25932870014,2684259320515015000,2,2684259320515,20.524035,1,2684,0.06765005,19.389263,18.798374,19.482,0.089331195,0.04904406,0.051837932,0.1599,231.6608089,67.1872914,0.93857145,t17_f5_c3,19.4328,0.1949,True,True,False,24.4.1,0.0,0.9999997,846120205.0,,ZTF20abcesru
ztf,60438.280798600055,2684280790515015001,3,2684280790515,19.635927,1,2684,0.49458236,19.52947,18.71182,19.558,0.15399614,0.066653304,0.072518624,0.3829,231.6610946,67.187217,0.8685714,t17_f5_c3,19.454,0.4463,True,True,False,24.4.1,0.0,0.9999998,846120305.0,,ZTF20abcesru
ztf,60438.307430599816,2684307430515015004,1,2684307430515,20.495943,1,2684,0.13958669,19.485453,19.103449,19.5088,0.10574036,0.072566085,0.07437715,0.1321,231.6608551,67.1872685,0.9114286,t17_f5_c3,19.4333,0.1572,True,True,False,24.4.1,0.0,0.9999933,846120105.0,,ZTF20abcesru
ztf,60440.300196799915,2686300190515015013,1,2686300190515,20.528269,1,2686,0.12857041,19.446888,19.076181,19.2764,0.085945666,0.058978006,0.06108594,0.1127,231.6609354,67.1872797,0.79142857,t17_f5_c3,19.1676,0.1299,True,True,False,24.4.1,0.0,0.9999989,846120105.0,,ZTF20abcesru
ztf,60440.39533559978,2686395330515015004,2,2686395330515,20.37927,1,2686,0.1745122,19.320986,18.758232,19.2175,0.08755145,0.049565174,0.052138936,0.1329,231.6608875,67.1872905,0.9514286,t17_f5_c3,19.1403,0.158,True,True,False,24.4.1,0.0,0.99999976,846120205.0,,ZTF20abcesru
ztf,60442.332638899796,2688332630515015014,1,2688332630515,20.405825,1,2688,0.19399421,19.44641,19.07584,19.1336,0.08711339,0.059846703,0.061923794,0.1006,231.6609466,67.1872658,0.48,t17_f5_c3,18.942,0.1076,True,True,False,24.4.1,0.0,0.99999344,846120105.0,,ZTF20abcesru
ztf,60442.41089119995,2688410890515015005,2,2688410890515,20.418055,1,2688,0.018766304,19.422619,18.817606,19.8564,0.07381392,0.038672555,0.0422798,0.2198,231.6607718,67.1872995,0.8842857,t17_f5_c3,19.8501,0.2789,True,True,False,24.4.1,0.0,0.9999999,846120205.0,,ZTF20abcesru
ztf,60444.30890050018,2690308900515015005,2,2690308900515,20.43415,1,2690,0.1548421,19.479767,18.84997,19.6076,0.12013112,0.06491177,0.067256905,0.1826,231.6607844,67.1872614,0.87,t17_f5_c3,19.4654,0.2047,True,True,False,24.4.1,0.0,0.9999958,846120205.0,,ZTF20abcesru
ztf,60446.33353010006,2692333530515015008,2,2692333530515,20.194292,1,2692,0.15767549,19.477768,18.84885,19.5489,0.12483459,0.067699656,0.069946826,0.2037,231.6607963,67.1872612,0.87857145,t17_f5_c3,19.8032,0.3291,True,True,False,24.4.1,0.0,0.9986041,846120205.0,,ZTF20abcesru
ztf,60446.361527800094,2692361520515015024,1,2692361520515,20.226252,1,2692,0.27287608,19.505136,19.117258,19.5369,0.099196784,0.06740239,0.06939786,0.1649,231.6607434,67.1872449,0.7057143,t17_f5_c3,19.6692,0.2379,True,True,False,24.4.1,0.0,0.9989826,846120105.0,,ZTF20abcesru
ztf,60448.26041670004,2694260410515015004,2,2694260410515,20.080242,1,2694,0.057858557,19.344543,18.7722,19.2053,0.13147338,0.07585679,0.07760694,0.1651,231.6607968,67.1873079,0.93,t17_f5_c3,19.3516,0.2413,True,True,False,24.4.1,0.0,0.99996513,846120205.0,,ZTF20abcesru
ztf,60448.36369210016,2694363690515015007,1,2694363690515,19.926205,1,2694,0.18534876,19.5496,19.148172,19.4586,0.17350636,0.11866787,0.119879276,0.2155,231.6608854,67.1872573,0.73571426,t17_f5_c3,19.5528,0.3011,True,True,False,24.4.1,0.0,0.99999034,846120105.0,,ZTF20abcesru
ztf,60450.345567100216,2696345560515015009,1,2696345560515,19.653967,1,2696,0.14666587,19.398277,19.041409,19.3747,0.15258364,0.10875405,0.10984002,0.2411,231.6608249,67.1872683,0.7214286,t17_f5_c3,19.1558,0.253,True,True,False,24.4.1,0.0,0.9999862,846120105.0,,ZTF20abcesru
ztf,60450.36422450002,2696364220515015005,2,2696364220515,19.832514,1,2696,0.057599425,19.526049,18.875639,20.076,0.16049212,0.08630103,0.088163644,0.4364,231.6607965,67.1873166,0.8971428,t17_f5_c3,19.4693,0.3204,True,True,False,24.4.1,0.0,0.9999764,846120205.0,,ZTF20abcesru
ztf,60452.302210600115,2698302210515015000,1,2698302210515,19.534588,1,2698,0.2888487,19.352236,19.00807,19.1665,0.19342433,0.14008386,0.14087844,0.2629,231.6610625,67.1872913,0.81714284,t17_f5_c3,19.5169,0.4661,True,True,False,24.4.1,0.0,0.9977169,846120105.0,,ZTF20abcesru
ztf,60452.36672449997,2698366720515015002,2,2698366720515,19.114588,1,2698,0.33324125,19.373348,18.78911,19.3506,0.20297794,0.11733484,0.118509695,0.3244,231.6607997,67.1872115,0.69285715,t17_f5_c3,19.279,0.3899,True,True,False,24.4.1,0.0,0.9637387,846120205.0,,ZTF20abcesru
ztf,60456.32131939987,2702321310515015002,2,2702321310515,19.982874,1,2702,0.0647508,19.38159,18.793915,19.5478,0.105286315,0.05895255,0.06127764,0.2468,231.6607756,67.1872866,0.9457143,t17_f5_c3,19.4127,0.2793,True,True,False,24.4.1,0.0,0.99999714,846120205.0,,ZTF20abcesru
ztf,60458.24148150021,2704241480515015003,1,2704241480515,20.703651,1,2704,0.102529824,19.468191,19.09128,19.4183,0.10310602,0.07105696,0.072865054,0.1162,231.6607817,67.1872863,0.91714287,t17_f5_c3,19.4185,0.1478,True,True,False,24.4.1,0.0,0.99999714,846120105.0,,ZTF20abcesru
ztf,60458.345324099995,2704345320515015003,2,2704345320515,20.343609,1,2704,0.14202131,19.479885,18.850037,19.475,0.10978132,0.058883596,0.061459493,0.1822,231.6608527,67.1872851,0.93,t17_f5_c3,19.459,0.2294,True,True,False,24.4.1,0.0,0.99999964,846120205.0,,ZTF20abcesru
ztf,60460.27929400001,2706279290515015004,2,2706279290515,20.482792,1,2706,0.1048,19.407465,18.808899,19.5575,0.088367134,0.048012428,0.050917212,0.1735,231.6608191,67.1872811,0.94142854,t17_f5_c3,19.5843,0.227,True,True,False,24.5.1,0.0,0.9999999,846120205.0,,ZTF20abcesru
ztf,60460.27929400001,2706279290515025004,2,2706279290515,20.4828,1,2706,0.1048,19.4075,18.80892,19.5575,0.088367,0.048011515,0.050916452,0.1735,231.6608191,67.1872811,0.941429,t17_f5_c3,19.5843,0.227,False,True,False,24.5.1,0.0,,,2.734324220515015e+18,ZTF20abcesru
ztf,60460.30523149995,2706305230515015002,1,2706305230515,20.46445,1,2706,0.11935453,19.435242,19.06789,19.4975,0.13294448,0.09345879,0.09478289,0.1396,231.6607705,67.1873066,0.9028571,t17_f5_c3,19.5051,0.1793,True,True,False,24.5.1,0.0,0.99999845,846120105.0,,ZTF20abcesru
ztf,60460.30523149995,2706305230515025002,1,2706305230515,20.4645,1,2706,0.119355,19.4352,19.067862,19.4975,0.132944,0.09345958,0.0947836,0.1396,231.6607705,67.1873066,0.902857,t17_f5_c3,19.5051,0.1793,False,True,False,24.5.1,0.0,,,2.734324220515015e+18,ZTF20abcesru
ztf,60462.30734949978,2708307340515015000,1,2708307340515,20.798023,1,2708,0.057807922,19.503084,19.115822,19.5823,0.095632754,0.064877056,0.06694245,0.1208,231.6608076,67.187312,0.9028571,t17_f5_c3,19.5903,0.1546,True,True,False,24.5.1,0.0,0.9999999,846120105.0,,ZTF20abcesru
ztf,60464.344768499956,2710344760515015003,2,2710344760515,20.498987,1,2710,0.022669628,19.346193,18.773174,19.5358,0.09854173,0.05576933,0.058131617,0.1598,231.6607609,67.1872982,0.93714285,t17_f5_c3,19.7322,0.2437,True,True,False,24.5.1,0.0,0.99999976,846120205.0,,ZTF20abcesru
ztf,60465.195196799934,2711195190515015004,1,2711195190515,20.43072,1,2711,0.1843017,19.52725,19.13268,19.7324,0.1079382,0.07315444,0.075049445,0.1918,231.6607183,67.1872941,0.8857143,t17_f5_c3,19.7338,0.2458,True,True,False,24.5.1,0.0,0.99999964,846120105.0,,ZTF20abcesru
ztf,60465.19942130009,2711199420515015002,1,2711199420515,20.489452,1,2711,0.17858909,19.652569,19.21826,19.7327,0.14506395,0.09553235,0.09723802,0.1791,231.660729,67.1873004,0.86714286,t17_f5_c3,19.6672,0.216,True,True,False,24.5.1,0.0,0.9999995,846120105.0,,ZTF20abcesru
ztf,60465.20785879996,2711207850515015003,1,2711207850515,20.15764,1,2711,0.17558283,19.567095,19.160229,19.2743,0.13805903,0.09334194,0.094911456,0.1667,231.6609701,67.1872852,0.8157143,t17_f5_c3,19.1542,0.1912,True,True,False,24.5.1,0.0,0.99998367,846120105.0,,ZTF20abcesru
ztf,60465.21208330011,2711212080515015006,1,2711212080515,20.674017,1,2711,0.17402014,19.51821,19.126387,19.5367,0.08329347,0.055618614,0.058060657,0.125,231.6607821,67.1872684,0.8857143,t17_f5_c3,19.761,0.196,True,True,False,24.5.1,0.0,0.9999993,846120105.0,,ZTF20abcesru
ztf,60465.216307899915,2711216300515015005,1,2711216300515,20.35319,1,2711,0.17217436,19.44694,19.076218,19.6699,0.11586683,0.08079995,0.0823513,0.1795,231.6609512,67.1872761,0.8742857,t17_f5_c3,19.7152,0.2395,True,True,False,24.5.1,0.0,0.9999207,846120105.0,,ZTF20abcesru
ztf,60465.31862269994,2711318620515015001,1,2711318620515,18.6193,1,2711,0.499966,19.1135,18.829174,19.0318,0.246452,0.18924744,0.1896712,0.5387,231.6604984,67.1872871,0.615714,t17_f5_c3,19.1036,0.7401,False,True,False,24.5.1,0.0,,,2.740281090515015e+18,ZTF20abcesru
ztf,60465.34814810008,2711348140515015001,1,2711348140515,19.1847,1,2711,0.387412,19.5108,19.121216,18.8579,0.244343,0.16986626,0.17067373,0.2649,231.6610969,67.1873589,0.444286,t17_f5_c3,18.7486,0.3073,False,True,False,24.5.1,0.0,,,2.740281090515015e+18,ZTF20abcesru
ztf,60465.35238429997,2711352380515015003,1,2711352380515,19.954733,1,2711,0.29419675,19.5629,19.157345,19.418,0.15951017,0.10844405,0.109790765,0.2117,231.6608274,67.1872257,0.9085714,t17_f5_c3,19.5832,0.3158,True,True,False,24.5.1,0.0,0.9999975,846120105.0,,ZTF20abcesru
ztf,60465.365034699906,2711365030515015004,1,2711365030515,20.634161,1,2711,0.19512899,19.61212,19.19098,19.8688,0.10050307,0.06585785,0.06819049,0.1766,231.6607642,67.187264,0.85,t17_f5_c3,20.0605,0.2693,True,True,False,24.5.1,0.0,1.0,846120105.0,,ZTF20abcesru
ztf,60465.369259300176,2711369250515015001,1,2711369250515,19.52,1,2711,0.381843,19.8323,19.33539,19.8147,0.243412,0.15269004,0.1540202,0.4892,231.6605902,67.1873315,0.621429,t17_f5_c3,19.3706,0.4175,False,True,False,24.5.1,0.0,,,2.740281090515015e+18,ZTF20abcesru
ztf,60465.373472199775,2711373470515015000,1,2711373470515,19.2913,1,2711,0.295593,19.5585,19.154314,19.59,0.217871,0.14917336,0.15014979,0.4818,231.6610679,67.1872957,0.777143,t17_f5_c3,19.4473,0.5425,False,True,False,24.5.1,0.0,,,2.740281090515015e+18,ZTF20abcesru
ztf,60465.377696800046,2711377690515015006,1,2711377690515,20.3774,1,2711,0.07981463,19.452251,19.07999,19.5763,0.1232485,0.08600449,0.08747366,0.1715,231.6608841,67.1872894,0.8914286,t17_f5_c3,19.7222,0.251,True,True,False,24.5.1,0.0,0.99999905,846120105.0,,ZTF20abcesru
ztf,60465.38190970011,2711381900515015006,1,2711381900515,20.705933,1,2711,0.052954894,19.570278,19.162416,19.494,0.09968513,0.06626589,0.068467714,0.1169,231.6608493,67.1872929,0.83285713,t17_f5_c3,19.5693,0.1599,True,True,False,24.5.1,0.0,0.9999999,846120105.0,,ZTF20abcesru
ztf,60465.386134299915,2711386130515015008,1,2711386130515,20.625834,1,2711,0.10824449,19.580025,19.169102,19.6727,0.09164205,0.06032625,0.062766165,0.1467,231.660776,67.1873058,0.8542857,t17_f5_c3,19.7403,0.1995,True,True,False,24.5.1,0.0,0.9997856,846120105.0,,ZTF20abcesru
ztf,60465.394571799785,2711394570515015005,1,2711394570515,20.42213,1,2711,0.17670213,19.439758,19.07111,19.5127,0.109423384,0.07629439,0.077920265,0.1529,231.6609366,67.1872687,0.87142855,t17_f5_c3,19.4825,0.1902,True,True,False,24.5.1,0.0,0.9999987,846120105.0,,ZTF20abcesru
ztf,60465.407222200185,2711407220515015003,1,2711407220515,19.987568,1,2711,0.13886176,19.44457,19.074533,19.4886,0.12690973,0.08884806,0.09025684,0.235,231.6609291,67.187334,0.9185714,t17_f5_c3,19.3587,0.2672,True,True,False,24.5.1,0.0,0.99999535,846120105.0,,ZTF20abcesru
ztf,60465.44098380022,2711440980515015001,1,2711440980515,19.836191,1,2711,0.039116353,19.478886,19.098825,19.0965,0.1301215,0.09024033,0.0916907,0.189,231.6608324,67.1873133,0.7157143,t17_f5_c3,18.9212,0.2065,True,True,False,24.5.1,0.0,0.999987,846120105.0,,ZTF20abcesru
ztf,60465.44942130009,2711449420515015000,1,2711449420515,19.850267,1,2711,0.14865066,19.40384,19.04541,19.5886,0.14615582,0.10391735,0.10506168,0.2862,231.660774,67.1872715,0.8857143,t17_f5_c3,19.504,0.3393,True,True,False,24.5.1,0.0,0.99999285,846120105.0,,ZTF20abcesru
ztf,60465.4536342998,2711453630515015001,1,2711453630515,19.84641,1,2711,0.30142978,19.54903,19.147778,19.9157,0.17352508,0.11870148,0.11991167,0.3953,231.6607966,67.1872264,0.85714287,t17_f5_c3,19.979,0.5378,True,True,False,24.5.1,0.0,0.9999968,846120105.0,,ZTF20abcesru
ztf,60466.19715279993,2712197150515015011,1,2712197150515,21.23861,1,2712,0.100473225,19.518324,19.126467,19.6903,0.04838316,0.029321019,0.033724956,0.086,231.660798,67.1872853,0.8257143,t17_f5_c3,19.9462,0.1387,True,True,False,24.5.1,0.0,1.0,846120105.0,,ZTF20abcesru
ztf,60466.20484950021,2712204840515015014,1,2712204840515,21.215672,1,2712,0.11732274,19.496717,19.11136,19.5944,0.06702862,0.044036012,0.047002144,0.079,231.6607901,67.1872806,0.81285715,t17_f5_c3,19.7171,0.1128,True,True,False,24.5.1,0.0,0.9999992,846120105.0,,ZTF20abcesru
ztf,60466.212534700055,2712212530515015014,1,2712212530515,21.18431,1,2712,0.13533846,19.530222,19.134747,19.8258,0.05976457,0.037973188,0.041519642,0.0968,231.6607705,67.1872899,0.77428573,t17_f5_c3,19.9437,0.1378,True,True,False,24.5.1,0.0,0.9999616,846120105.0,,ZTF20abcesru
ztf,60466.22023149999,2712220230515015010,1,2712220230515,21.184826,1,2712,0.07408986,19.532393,19.136253,19.6625,0.04660107,0.027643077,0.032354925,0.0843,231.6608082,67.1872991,0.81857145,t17_f5_c3,19.7422,0.1159,True,True,False,24.5.1,0.0,0.999997,846120105.0,,ZTF20abcesru
ztf,60466.23126159981,2712231260515015016,1,2712231260515,21.18754,1,2712,0.1393614,19.559587,19.155064,19.8292,0.06513969,0.041489612,0.044878233,0.0984,231.660782,67.1872815,0.7457143,t17_f5_c3,19.9725,0.1433,True,True,False,24.5.1,0.0,0.9999974,846120105.0,,ZTF20abcesru
ztf,60466.23895830009,2712238950515015010,1,2712238950515,21.231445,1,2712,0.08396698,19.522308,19.129242,19.6238,0.05004214,0.030576581,0.03484252,0.0801,231.6608272,67.1872872,0.8457143,t17_f5_c3,19.623,0.102,True,True,False,24.5.1,0.0,0.9999992,846120105.0,,ZTF20abcesru
ztf,60466.246655100025,2712246650515015011,1,2712246650515,21.226685,1,2712,0.15838525,19.519718,19.127438,19.7368,0.05058055,0.031046966,0.0352429,0.0886,231.6608826,67.1872644,0.8242857,t17_f5_c3,19.8688,0.1276,True,True,False,24.5.1,0.0,0.99999976,846120105.0,,ZTF20abcesru
ztf,60466.25435189996,2712254350515015006,1,2712254350515,21.214346,1,2712,0.11315781,19.533146,19.136776,19.728,0.055587143,0.03472585,0.03858573,0.0883,231.6608079,67.1872823,0.8242857,t17_f5_c3,19.7691,0.1171,True,True,False,24.5.1,0.0,0.999894,846120105.0,,ZTF20abcesru
ztf,60466.26203700015,2712262030515015010,1,2712262030515,21.205883,1,2712,0.16255629,19.499899,19.11359,19.7317,0.06124409,0.039622933,0.042908266,0.0893,231.6608333,67.187263,0.80857146,t17_f5_c3,19.7543,0.1164,True,True,False,24.5.1,0.0,0.9999962,846120105.0,,ZTF20abcesru
ztf,60466.26973380009,2712269730515015012,1,2712269730515,21.182505,1,2712,0.048531156,19.489458,19.106266,19.6396,0.073086955,0.048678387,0.051352642,0.0827,231.6608469,67.1872941,0.78571427,t17_f5_c3,19.6934,0.1109,True,True,False,24.5.1,0.0,0.99998784,846120105.0,,ZTF20abcesru
ztf,60466.27743060002,2712277430515015008,1,2712277430515,21.124012,1,2712,0.05930622,19.524513,19.130777,19.6498,0.052381273,0.032382734,0.03644867,0.0848,231.6608164,67.1872937,0.82714283,t17_f5_c3,19.7386,0.1174,True,True,False,24.5.1,0.0,0.9999993,846120105.0,,ZTF20abcesru
ztf,60466.28512729984,2712285120515015012,1,2712285120515,21.095486,1,2712,0.081536524,19.546574,19.14608,19.5872,0.05603973,0.034840826,0.0387524,0.0814,231.6607954,67.1872937,0.8385714,t17_f5_c3,19.659,0.111,True,True,False,24.5.1,0.0,0.9999976,846120105.0,,ZTF20abcesru
ztf,60466.29603009997,2712296030515015011,1,2712296030515,21.133818,1,2712,0.12350912,19.490526,19.107016,19.6983,0.06123949,0.039780337,0.04301574,0.0891,231.6608255,67.1872735,0.78571427,t17_f5_c3,19.6877,0.1127,True,True,False,24.5.1,0.0,0.99999917,846120105.0,,ZTF20abcesru
ztf,60466.30245369999,2712302450515015013,1,2712302450515,21.210327,1,2712,0.08901597,19.477457,19.09782,19.5942,0.07836105,0.052801132,0.055238917,0.0786,231.6608273,67.1872782,0.81714284,t17_f5_c3,19.6662,0.1071,True,True,False,24.5.1,0.0,0.9999926,846120105.0,,ZTF20abcesru
ztf,60466.31015049992,2712310150515015011,1,2712310150515,21.117172,1,2712,0.057117958,19.471302,19.093477,19.6481,0.06010003,0.039237972,0.042436995,0.0871,231.660829,67.1872919,0.8242857,t17_f5_c3,19.7119,0.118,True,True,False,24.5.1,0.0,1.0,846120105.0,,ZTF20abcesru
ztf,60466.317847200204,2712317840515015007,1,2712317840515,21.124743,1,2712,0.069950484,19.53226,19.136162,19.7083,0.056137573,0.03516523,0.038977526,0.0906,231.6608171,67.1872903,0.8357143,t17_f5_c3,19.7445,0.1196,True,True,False,24.5.1,0.0,0.9999999,846120105.0,,ZTF20abcesru
ztf,60466.32553240005,2712325530515015006,1,2712325530515,21.155437,1,2712,0.1306337,19.496307,19.111073,19.5894,0.05631318,0.035913542,0.039492667,0.0807,231.660841,67.1872716,0.8314286,t17_f5_c3,19.7493,0.1192,True,True,False,24.5.1,0.0,0.9999035,846120105.0,,ZTF20abcesru
ztf,60466.33322919998,2712333220515015009,1,2712333220515,21.168447,1,2712,0.05571647,19.499952,19.113628,19.4615,0.058834873,0.037787635,0.041219737,0.0718,231.6608468,67.1872921,0.81857145,t17_f5_c3,19.4372,0.0896,True,True,False,24.5.1,0.0,0.99999726,846120105.0,,ZTF20abcesru
ztf,60466.34091439983,2712340910515015010,1,2712340910515,21.194624,1,2712,0.035157472,19.534416,19.13766,19.668,0.061641872,0.039320745,0.0427733,0.0859,231.6608554,67.1872979,0.8314286,t17_f5_c3,19.6958,0.1126,True,True,False,24.5.1,0.0,0.99998057,846120105.0,,ZTF20abcesru
ztf,60466.34861110011,2712348610515015006,1,2712348610515,21.07485,1,2712,0.11494948,19.520365,19.12789,19.595,0.05634414,0.035529096,0.039251696,0.0843,231.660826,67.1872763,0.83,t17_f5_c3,19.6214,0.1103,True,True,False,24.5.1,0.0,0.99999964,846120105.0,,ZTF20abcesru
ztf,60466.35629629996,2712356290515015005,1,2712356290515,21.06838,1,2712,0.15708393,19.486656,19.104296,19.5102,0.054154385,0.034401994,0.03807935,0.0781,231.6608212,67.1872573,0.8442857,t17_f5_c3,19.5445,0.1028,True,True,False,24.5.1,0.0,0.9999995,846120105.0,,ZTF20abcesru
ztf,60466.36399309989,2712363990515015005,1,2712363990515,21.008373,1,2712,0.019946486,19.475573,19.09649,19.527,0.07540974,0.050655514,0.05318567,0.0806,231.6608519,67.1872941,0.8371429,t17_f5_c3,19.6071,0.1107,True,True,False,24.5.1,0.0,0.9999997,846120105.0,,ZTF20abcesru
ztf,60466.371678200085,2712371670515015008,1,2712371670515,20.99999,1,2712,0.11005421,19.552649,19.150278,19.6382,0.06350055,0.040391568,0.043835808,0.0894,231.6608867,67.187281,0.85142857,t17_f5_c3,19.6918,0.12,True,True,False,24.5.1,0.0,0.99999833,846120105.0,,ZTF20abcesru
ztf,60466.37937500002,2712379370515015007,1,2712379370515,21.01918,1,2712,0.0995379,19.538195,19.14028,19.5594,0.06281914,0.040140398,0.043543737,0.0824,231.6608808,67.1872746,0.81714284,t17_f5_c3,19.5984,0.109,True,True,False,24.5.1,0.0,0.9999912,846120105.0,,ZTF20abcesru
ztf,60466.387060199864,2712387060515015004,1,2712387060515,21.041626,1,2712,0.20495817,19.49469,19.10994,19.5327,0.05870661,0.03777897,0.041189503,0.0803,231.6608554,67.1872502,0.86285716,t17_f5_c3,19.5854,0.1076,True,True,False,24.5.1,0.0,0.9999939,846120105.0,,ZTF20abcesru
ztf,60466.39475690015,2712394750515015008,1,2712394750515,21.008842,1,2712,0.07163083,19.541965,19.14289,19.6102,0.07298068,0.047617666,0.05053337,0.0879,231.6609038,67.1873077,0.8485714,t17_f5_c3,19.6691,0.1186,True,True,False,24.5.1,0.0,0.999999,846120105.0,,ZTF20abcesru
ztf,60466.40244209999,2712402440515015007,1,2712402440515,20.942678,1,2712,0.10419154,19.486477,19.10417,19.5005,0.06921836,0.04585517,0.048674166,0.0823,231.6607757,67.1872957,0.8157143,t17_f5_c3,19.4881,0.1039,True,True,False,24.5.1,0.0,0.9999958,846120105.0,,ZTF20abcesru
ztf,60466.410138899926,2712410130515015005,1,2712410130515,20.910912,1,2712,0.15726759,19.492292,19.108255,19.6625,0.07354456,0.04896511,0.051634032,0.0942,231.6608041,67.1872664,0.80285716,t17_f5_c3,19.6728,0.1216,True,True,False,24.5.1,0.0,0.9999992,846120105.0,,ZTF20abcesru
ztf,60466.41782409977,2712417820515015008,1,2712417820515,21.024727,1,2712,0.10039609,19.488808,19.105808,19.49,0.075714044,0.050634034,0.053207975,0.0796,231.6608236,67.1872763,0.81,t17_f5_c3,19.5127,0.1038,True,True,False,24.5.1,0.0,0.99980295,846120105.0,,ZTF20abcesru
ztf,60466.425520800054,2712425520515015007,1,2712425520515,20.97819,1,2712,0.17303345,19.47443,19.095684,19.4201,0.056374133,0.036324896,0.03977239,0.0768,231.6608434,67.1872594,0.8385714,t17_f5_c3,19.4742,0.103,True,True,False,24.5.1,0.0,0.9999981,846120105.0,,ZTF20abcesru
ztf,60466.43321759999,2712433210515015006,1,2712433210515,20.951143,1,2712,0.16805673,19.469717,19.092358,19.4953,0.068144225,0.045348596,0.048137687,0.0834,231.6608698,67.1872611,0.8242857,t17_f5_c3,19.6392,0.1217,True,True,False,24.5.1,0.0,0.9999976,846120105.0,,ZTF20abcesru
ztf,60466.44091439992,2712440910515015005,1,2712440910515,20.876326,1,2712,0.08046606,19.509449,19.120274,19.5684,0.068339445,0.04478674,0.04775304,0.0907,231.6608792,67.1872887,0.81142855,t17_f5_c3,19.6292,0.1227,True,True,False,24.5.1,0.0,0.99999404,846120105.0,,ZTF20abcesru
ztf,60466.448599500116,2712448590515015003,1,2712448590515,20.856955,1,2712,0.05874116,19.551228,19.149296,19.5624,0.06837393,0.044046238,0.047219135,0.0921,231.6608617,67.1872919,0.79714286,t17_f5_c3,19.6517,0.1279,True,True,False,24.5.1,0.0,0.9999983,846120105.0,,ZTF20abcesru
ztf,60466.45628469996,2712456280515015007,1,2712456280515,20.82981,1,2712,0.13850303,19.55736,19.153528,19.5401,0.077564545,0.050670154,0.053472478,0.0917,231.6608982,67.1872727,0.79,t17_f5_c3,19.6425,0.1288,True,True,False,24.5.1,0.0,0.999996,846120105.0,,ZTF20abcesru
ztf,60467.198634299915,2713198630515015018,1,2713198630515,21.36134,1,2713,0.20280267,19.5323,19.13619,19.6934,0.039506834,0.021673577,0.027430136,0.0736,231.6607149,67.1872875,0.74857146,t17_f5_c3,19.8553,0.1091,True,True,False,24.5.1,0.0,0.99998736,846120105.0,,ZTF20abcesru
ztf,60467.20979169989,2713209790515015018,1,2713209790515,21.387627,1,2713,0.090491615,19.55099,19.149132,19.7298,0.040249348,0.021982925,0.027798144,0.0751,231.6607913,67.187292,0.75857145,t17_f5_c3,19.8078,0.103,True,True,False,24.5.1,0.0,0.9995992,846120105.0,,ZTF20abcesru
ztf,60467.220960599836,2713220960515015019,1,2713220960515,21.39259,1,2713,0.15814193,19.557709,19.153769,19.7004,0.040236842,0.02184784,0.02773624,0.073,231.660743,67.1872993,0.7785714,t17_f5_c3,19.8613,0.108,True,True,False,24.5.1,0.0,0.99983835,846120105.0,,ZTF20abcesru
ztf,60467.2321295999,2713232120515015018,1,2713232120515,21.402643,1,2713,0.10070241,19.494673,19.109926,19.6544,0.03844111,0.021403685,0.02697103,0.0692,231.6607837,67.1872962,0.7385714,t17_f5_c3,19.8008,0.1011,True,True,False,24.5.1,0.0,0.999962,846120105.0,,ZTF20abcesru
ztf,60467.24329859996,2713243290515015019,1,2713243290515,21.419634,1,2713,0.098874345,19.537067,19.139498,19.6329,0.043679208,0.025156839,0.030286338,0.0672,231.6607871,67.1872947,0.76,t17_f5_c3,19.7368,0.0943,True,True,False,24.5.1,0.0,0.999999,846120105.0,,ZTF20abcesru
ztf,60467.25445599994,2713254450515015019,1,2713254450515,21.410524,1,2713,0.15452752,19.543423,19.1439,19.7031,0.044168197,0.025452618,0.030570367,0.072,231.6607479,67.1872901,0.7542857,t17_f5_c3,19.9469,0.115,True,True,False,24.5.1,0.0,0.9999963,846120105.0,,ZTF20abcesru
ztf,60467.265625,2713265620515015016,1,2713265620515,21.384571,1,2713,0.08621999,19.524689,19.1309,19.6556,0.04541843,0.026809845,0.03160213,0.07,231.6607914,67.187297,0.7771429,t17_f5_c3,19.7858,0.1007,True,True,False,24.5.1,0.0,0.99999,846120105.0,,ZTF20abcesru
ztf,60467.27679400006,2713276790515015021,1,2713276790515,21.40271,1,2713,0.13322088,19.507158,19.118671,19.5433,0.049047694,0.03004027,0.03429446,0.0628,231.6607628,67.1872943,0.7728571,t17_f5_c3,19.6495,0.0885,True,True,False,24.5.1,0.0,0.9999916,846120105.0,,ZTF20abcesru
ztf,60467.287963000126,2713287960515015017,1,2713287960515,21.393953,1,2713,0.10781754,19.492903,19.108685,19.5593,0.037942544,0.02099228,0.02663417,0.0642,231.6607814,67.1873001,0.7871429,t17_f5_c3,19.6661,0.0903,True,True,False,24.5.1,0.0,0.99999714,846120105.0,,ZTF20abcesru
ztf,60467.2991204001,2713299120515015030,1,2713299120515,21.407986,1,2713,0.13006517,19.52451,19.130775,19.6126,0.04520873,0.026640773,0.0314578,0.0676,231.6607613,67.1873002,0.77428573,t17_f5_c3,19.7002,0.0935,True,True,False,24.5.1,0.0,0.9999999,846120105.0,,ZTF20abcesru
ztf,60467.310289400164,2713310280515015018,1,2713310280515,21.381762,1,2713,0.12871727,19.50558,19.117569,19.6619,0.04847082,0.02960531,0.033905916,0.0727,231.6607725,67.1872924,0.73285717,t17_f5_c3,19.7933,0.1046,True,True,False,24.5.1,0.0,0.99999976,846120105.0,,ZTF20abcesru
ztf,60467.32145830011,2713321450515015022,1,2713321450515,21.385098,1,2713,0.095115,19.509172,19.120079,19.6998,0.046857353,0.028245542,0.032744672,0.0739,231.6607907,67.187306,0.8057143,t17_f5_c3,19.8249,0.1058,True,True,False,24.5.1,0.0,0.9999997,846120105.0,,ZTF20abcesru
ztf,60467.332615700085,2713332610515015015,1,2713332610515,21.36568,1,2713,0.043969143,19.499603,19.113384,19.5152,0.050320167,0.031178003,0.035257723,0.0631,231.6608273,67.1873023,0.7842857,t17_f5_c3,19.6251,0.089,True,True,False,24.5.1,0.0,0.999999,846120105.0,,ZTF20abcesru
ztf,60467.34378470015,2713343780515015018,1,2713343780515,21.371897,1,2713,0.1134351,19.521198,19.12847,19.5449,0.04562601,0.027039576,0.031777594,0.0648,231.6607782,67.1873056,0.78,t17_f5_c3,19.6422,0.0904,True,True,False,24.5.1,0.0,0.9999979,846120105.0,,ZTF20abcesru
ztf,60469.364733799826,2715364730515015003,1,2715364730515,20.482641,1,2715,0.019171523,19.539371,19.141094,19.6305,0.10979663,0.07418314,0.07608135,0.1502,231.6608544,67.1873069,0.9014286,t17_f5_c3,19.8066,0.2249,True,True,False,24.5.1,0.0,0.9999995,846120105.0,,ZTF20abcesru
ztf,60469.38631939981,2715386310515015003,2,2715386310515,20.392042,1,2715,0.08463649,19.472004,18.845617,19.3603,0.11694203,0.06329331,0.065677404,0.1437,231.6607388,67.1872772,0.9457143,t17_f5_c3,19.4781,0.2042,True,True,False,24.5.1,0.0,0.9999948,846120205.0,,ZTF20abcesru
ztf,60471.30616899999,2717306160515015001,2,2717306160515,20.647253,1,2717,0.17518301,19.502037,18.862383,19.9667,0.09406549,0.049055442,0.052187722,0.2256,231.6608238,67.187261,0.89,t17_f5_c3,19.8816,0.2662,True,True,False,24.5.1,0.0,0.999995,846120205.0,,ZTF20abcesru
ztf,60471.39123839978,2717391230515015003,1,2717391230515,20.169092,1,2717,0.09663134,19.64199,19.211159,19.7544,0.14364465,0.09490071,0.09659541,0.1869,231.6608434,67.1873345,0.73714286,t17_f5_c3,19.8524,0.2613,True,True,False,24.5.1,0.0,0.99971825,846120105.0,,ZTF20abcesru
ztf,60473.34923609998,2719349230515015001,1,2719349230515,20.538403,1,2719,0.05161313,19.476448,19.097109,19.4849,0.117024414,0.08090691,0.08251643,0.1258,231.6608189,67.18729,0.9042857,t17_f5_c3,19.4252,0.1516,True,True,False,24.5.1,0.0,0.99999917,846120105.0,,ZTF20abcesru
ztf,60473.3703240999,2719370320515015004,2,2719370320515,20.489311,1,2719,0.15467526,19.414837,18.81314,19.2844,0.1006486,0.0552659,0.057826836,0.1272,231.6608805,67.1872804,0.92714286,t17_f5_c3,19.2982,0.164,True,True,False,24.5.1,0.0,0.9999863,846120205.0,,ZTF20abcesru
ztf,60476.28655089997,2722286550515015003,2,2722286550515,20.330072,1,2722,0.077936955,19.490463,18.855946,19.5249,0.10503665,0.05581065,0.058550943,0.1923,231.6608083,67.187291,0.93142855,t17_f5_c3,19.2425,0.1899,True,True,False,24.5.1,0.0,0.99999654,846120205.0,,ZTF20abcesru
ztf,60476.37184030004,2722371840515015004,1,2722371840515,20.284098,1,2722,0.07297711,19.50551,19.11752,19.5798,0.13812919,0.09520115,0.096624896,0.1646,231.6609032,67.1872945,0.9014286,t17_f5_c3,19.6908,0.2331,True,True,False,24.5.1,0.0,0.9999579,846120105.0,,ZTF20abcesru
ztf,60479.326550900005,2725326550515015002,2,2725326550515,20.00708,1,2725,0.06482519,19.502964,18.862896,19.5083,0.1263652,0.06777851,0.07008102,0.2281,231.6607338,67.1873131,0.9557143,t17_f5_c3,19.5709,0.3094,True,True,False,24.5.1,0.0,0.9998917,846120205.0,,ZTF20abcesru
ztf,60479.38854169985,2725388540515015005,1,2725388540515,19.885796,1,2725,0.1523821,19.594913,19.179277,20.1598,0.15727031,0.10581244,0.10724873,0.3947,231.6609667,67.1873027,0.83428574,t17_f5_c3,19.9006,0.399,True,True,False,24.5.1,0.0,0.99999535,846120105.0,,ZTF20abcesru
ztf,60481.28466439992,2727284660515015002,2,2727284660515,19.82314,1,2727,0.057242155,19.643232,18.93844,19.3645,0.16036929,0.08158645,0.08379239,0.2364,231.6607368,67.1872988,0.9014286,t17_f5_c3,19.3255,0.2923,True,True,False,24.5.1,0.0,0.99890375,846120205.0,,ZTF20abcesru
ztf,60481.28466439992,2727284660515025002,2,2727284660515,19.822075,1,2727,0.06424159,19.640846,18.937193,19.4021,0.16381015,0.08352898,0.08568004,0.245,231.6607289,67.1873044,0.91714287,t17_f5_c3,19.3666,0.3039,True,True,False,24.5.1,0.0,0.9982804,846120205.0,,ZTF20abcesru
ztf,60483.261782399844,2729261780515015002,2,2729261780515,19.7745,1,2729,0.245963,19.4637,18.840946,20.2743,0.175027,0.09707102,0.09862873,0.5999,231.6609524,67.1872961,0.794286,t17_f5_c3,19.7601,0.48,False,True,False,24.5.1,0.0,,,2.757303250515015e+18,ZTF20abcesru
ztf,60483.38976849988,2729389760515015004,1,2729389760515,19.2006,1,2729,0.792748,19.5608,19.1559,19.2546,0.230007,0.1574812,0.1584091,0.3293,231.6614024,67.1872295,0.36,t17_f5_c3,19.1226,0.3749,False,True,False,24.5.1,0.0,,,2.757303250515015e+18,ZTF20abcesru
ztf,60485.21496530017,2731214960515015002,1,2731214960515,20.187126,1,2731,0.27114117,19.528006,19.133205,19.5289,0.13953702,0.09553948,0.09699954,0.1815,231.660849,67.1872316,0.87,t17_f5_c3,19.5463,0.2359,True,True,False,24.5.1,0.0,0.9999871,846120105.0,,ZTF20abcesru
ztf,60485.34553240007,2731345530515015000,2,2731345530515,19.973547,1,2731,0.12547022,19.492884,18.857294,19.4018,0.15296698,0.08332035,0.08518477,0.256,231.6608478,67.1872832,0.8385714,t17_f5_c3,19.4323,0.3373,True,True,False,24.5.1,0.0,0.9999459,846120205.0,,ZTF20abcesru
ztf,60488.244328700006,2734244320515015003,1,2734244320515,20.39409,1,2734,0.054600276,19.547253,19.14655,19.9632,0.12994969,0.088227056,0.08984502,0.2083,231.6608838,67.1873062,0.8471429,t17_f5_c3,20.1017,0.3021,True,True,False,24.5.1,0.0,0.9998899,846120105.0,,ZTF20abcesru
ztf,60488.324224499986,2734324220515015002,2,2734324220515,20.482542,1,2734,0.12578842,19.623238,18.927948,19.3918,0.122520745,0.061746743,0.064579345,0.1604,231.6607404,67.1872643,0.86142856,t17_f5_c3,19.5063,0.2274,True,True,False,24.5.1,0.0,0.99999845,846120205.0,,ZTF20abcesru
ztf,60490.27979170019,2736279790515015002,2,2736279790515,20.42358,1,2736,0.12884781,19.418968,18.815514,19.1886,0.09837107,0.053787455,0.056426782,0.1244,231.6607665,67.1872686,0.89428574,t17_f5_c3,19.1664,0.1554,True,True,False,24.5.1,0.0,0.99999976,846120205.0,,ZTF20abcesru
ztf,60490.331736099906,2736331730515015000,1,2736331730515,20.329432,1,2736,0.1099577,19.493093,19.108818,19.6327,0.13028574,0.08996919,0.09145067,0.1674,231.660924,67.1873136,0.9028571,t17_f5_c3,19.549,0.1981,True,True,False,24.5.1,0.0,0.99999666,846120105.0,,ZTF20abcesru
ztf,60494.281099500135,2740281090515015001,1,2740281090515,20.141783,1,2740,0.09322901,19.61938,19.195902,19.8825,0.14342754,0.09546635,0.09710489,0.2051,231.6609058,67.1872828,0.74142855,t17_f5_c3,19.8253,0.2488,True,True,False,24.5.1,0.0,0.99982333,846120105.0,,ZTF20abcesru
ztf,60500.20306710014,2746203060515015002,1,2746203060515,20.422234,1,2746,0.109545864,19.5053,19.117373,19.5575,0.11618007,0.07957821,0.08127564,0.1633,231.6607974,67.1872854,0.8914286,t17_f5_c3,19.509,0.1994,True,True,False,24.5.1,0.0,0.9999956,846120105.0,,ZTF20abcesru
ztf,60500.303159699775,2746303150515015002,2,2746303150515,20.208942,1,2746,0.153369,19.34888,18.77476,19.4236,0.11717498,0.06707115,0.069053546,0.1807,231.6607559,67.1872622,0.9457143,t17_f5_c3,19.4903,0.2455,True,True,False,24.5.1,0.0,0.999992,846120205.0,,ZTF20abcesru
ztf,60502.28465279983,2748284650515015001,1,2748284650515,20.138275,1,2748,0.10583152,19.71902,19.262352,19.7859,0.16847695,0.109006256,0.110629946,0.257,231.6609336,67.1873062,0.88,t17_f5_c3,19.6796,0.2984,True,True,False,24.5.1,0.0,0.99985373,846120105.0,,ZTF20abcesru
ztf,60502.35107639991,2748351070515015000,2,2748351070515,20.11729,1,2748,0.09585209,19.419945,18.816072,19.5451,0.12438602,0.06925042,0.07132189,0.2521,231.660794,67.1872786,0.92142856,t17_f5_c3,19.7998,0.408,True,True,False,24.5.1,0.0,0.9999995,846120205.0,,ZTF20abcesru
ztf,60504.28336809995,2750283360515015003,2,2750283360515,20.28489,1,2750,0.12973894,19.519547,18.87206,19.5765,0.13357586,0.07134806,0.07357563,0.215,231.6608506,67.1872828,0.93857145,t17_f5_c3,19.8017,0.3378,True,True,False,24.5.1,0.0,0.99999845,846120205.0,,ZTF20abcesru
ztf,60507.197731500026,2753197730515015004,1,2753197730515,20.087122,1,2753,0.22031868,19.570095,19.16229,19.2906,0.15963088,0.108285695,0.10964663,0.177,231.6607007,67.1873205,0.82285714,t17_f5_c3,19.4295,0.2576,True,True,False,24.5.1,0.0,0.99998635,846120105.0,,ZTF20abcesru
ztf,60507.27710650023,2753277100515015004,2,2753277100515,19.937237,1,2753,0.18979844,19.544088,18.885511,19.4322,0.15402386,0.08198233,0.08397635,0.2199,231.6608869,67.1872762,0.9257143,t17_f5_c3,19.2019,0.228,True,True,False,24.5.1,0.0,0.99990094,846120205.0,,ZTF20abcesru
ztf,60509.262326399796,2755262320515015004,2,2755262320515,19.633204,1,2755,0.0886388,19.567228,18.898066,19.3878,0.1861791,0.09882425,0.10052313,0.2836,231.6608391,67.1873005,0.8842857,t17_f5_c3,19.1792,0.3005,True,True,False,24.5.1,0.0,0.9999252,846120205.0,,ZTF20abcesru
ztf,60509.36635420006,2755366350515015001,1,2755366350515,19.494934,1,2755,0.043623514,19.398975,19.041912,19.192,0.20316803,0.14541301,0.14622773,0.2629,231.6608856,67.1873145,0.70285714,t17_f5_c3,19.0747,0.3031,True,True,False,24.5.1,0.0,0.9999788,846120105.0,,ZTF20abcesru
ztf,60511.2174769002,2757217470515015000,1,2757217470515,19.546852,1,2757,0.2855519,19.422737,19.05896,19.1591,0.21435143,0.15252438,0.15332603,0.2602,231.6609239,67.1872318,0.6357143,t17_f5_c3,19.0147,0.2923,True,True,False,24.5.1,0.0,0.9923794,846120105.0,,ZTF20abcesru
ztf,60511.30325229978,2757303250515015001,2,2757303250515,19.610981,1,2757,0.21966825,19.535934,18.881058,19.7432,0.18558852,0.09990198,0.10153141,0.487,231.6606981,67.1872502,0.83,t17_f5_c3,19.5946,0.5456,True,True,False,24.5.1,0.0,0.9999521,846120205.0,,ZTF20abcesru
ztf,60513.28468749998,2759284680515015002,2,2759284680515,19.6403,1,2759,0.244658,19.4121,18.811567,18.5895,0.178841,0.101448365,0.10286183,0.1625,231.6609376,67.1873327,0.438571,t17_f5_c3,18.2603,0.1541,False,True,False,24.5.1,0.0,,,2.779237150515015e+18,ZTF20abcesru
ztf,60515.25810190011,2761258100515015005,2,2761258100515,19.7779,1,2761,0.150787,19.3846,18.795666,18.8848,0.155338,0.08873702,0.09030342,0.179,231.6608412,67.1872719,0.668571,t17_f5_c3,18.5831,0.174,False,True,False,24.5.1,0.0,,,2.779237150515015e+18,ZTF20abcesru
ztf,60515.305162000004,2761305160515015000,1,2761305160515,19.4401,1,2761,0.352155,19.528,19.133202,19.0971,0.22415,0.15491404,0.15581873,0.2666,231.6606107,67.187334,0.615714,t17_f5_c3,18.7195,0.2418,False,True,False,24.5.1,0.0,,,2.779237150515015e+18,ZTF20abcesru
ztf,60519.2447453998,2765244740515015003,1,2765244740515,20.420172,1,2765,0.1300289,19.62579,19.200237,19.7561,0.118748195,0.078235805,0.08024279,0.1936,231.6607736,67.1872918,0.9057143,t17_f5_c3,19.8241,0.2634,True,True,False,24.5.1,0.0,0.99999857,846120105.0,,ZTF20abcesru
ztf,60519.33953699982,2765339530515015004,2,2765339530515,20.153917,1,2765,0.13474436,19.57169,18.900473,19.6288,0.13608961,0.07098249,0.07333953,0.2442,231.6607885,67.1872672,0.9285714,t17_f5_c3,19.7232,0.341,True,True,False,24.5.1,0.0,0.99966276,846120205.0,,ZTF20abcesru
ztf,60521.286215300206,2767286210515015011,2,2767286210515,20.386984,1,2767,0.048993867,19.460264,18.839008,19.4787,0.09368343,0.049908414,0.05286405,0.1868,231.6607572,67.1872857,0.9028571,t17_f5_c3,19.3532,0.2127,True,True,False,24.5.1,0.0,0.9999998,846120205.0,,ZTF20abcesru
ztf,60521.326759300195,2767326750515015000,1,2767326750515,20.021221,1,2767,0.30828863,19.549763,19.148285,19.5237,0.19524692,0.13381843,0.13489407,0.2052,231.6609451,67.1872281,0.85714287,t17_f5_c3,19.5045,0.2583,True,True,False,24.5.1,0.0,0.9983334,846120105.0,,ZTF20abcesru
ztf,60524.260277799796,2770260270515015004,2,2770260270515,20.301418,1,2770,0.11805213,19.485138,18.852974,19.9671,0.1069138,0.057057865,0.059726655,0.2952,231.660837,67.187316,0.8842857,t17_f5_c3,19.5982,0.2694,True,True,False,24.5.1,0.0,0.99999905,846120205.0,,ZTF20abcesru
ztf,60524.32695600018,2770326950515015002,1,2770326950515,20.2205,1,2770,0.084569745,19.534472,19.137697,19.7112,0.15161406,0.10384745,0.10520336,0.2409,231.6609129,67.1872981,0.88714284,t17_f5_c3,19.8463,0.3489,True,True,False,24.5.1,0.0,0.99999726,846120105.0,,ZTF20abcesru
ztf,60526.27815969987,2772278150515015002,2,2772278150515,20.411358,1,2772,0.2101692,19.607569,18.91966,19.6539,0.123109855,0.0625774,0.06533254,0.2078,231.6608977,67.1872694,0.89285713,t17_f5_c3,19.684,0.2728,True,True,False,24.5.1,0.0,0.9999911,846120205.0,,ZTF20abcesru
ztf,60526.32599540008,2772325990515015000,1,2772325990515,20.021889,1,2772,0.15795784,19.602915,19.184727,19.5921,0.14739363,0.098724246,0.10027752,0.2138,231.6608677,67.1872636,0.8585714,t17_f5_c3,19.9096,0.3668,True,True,False,24.5.1,0.0,0.9999266,846120105.0,,ZTF20abcesru
ztf,60526.32599540008,2772325990515035000,1,2772325990515,20.0219,1,2772,0.157958,19.6029,19.184717,19.5921,0.147394,0.09872499,0.10027823,0.2138,231.6608677,67.1872636,0.858571,t17_f5_c3,19.9096,0.3668,False,True,False,24.5.1,0.0,,,2.802216500515015e+18,ZTF20abcesru
ztf,60528.304513900075,2774304510515015003,1,2774304510515,19.982359,1,2774,0.20307297,19.68687,19.241133,19.6829,0.15461881,0.10087162,0.102557465,0.2609,231.6609899,67.1872831,0.87857145,t17_f5_c3,19.4789,0.2773,True,True,False,24.5.1,0.0,0.9999335,846120105.0,,ZTF20abcesru
ztf,60528.304513900075,2774304510515025003,1,2774304510515,19.9824,1,2774,0.203073,19.6869,19.241152,19.6829,0.154619,0.10087076,0.102556676,0.2609,231.6609899,67.1872831,0.878571,t17_f5_c3,19.4789,0.2773,False,True,False,24.5.1,0.0,,,2.804240750515015e+18,ZTF20abcesru
ztf,60530.25999999978,2776260000515015002,1,2776260000515,20.259108,1,2776,0.085609555,19.613487,19.191908,19.382,0.1508347,0.10075608,0.102298625,0.1596,231.6609183,67.1873043,0.79285717,t17_f5_c3,19.5387,0.2354,True,True,False,24.5.1,0.0,0.99974513,846120105.0,,ZTF20abcesru
ztf,60530.25999999978,2776260000515025001,1,2776260000515,20.2618,1,2776,0.085484,19.6114,19.190493,19.3866,0.151215,0.10108635,0.10261996,0.1599,231.6609176,67.1873028,0.781429,t17_f5_c3,19.5457,0.2364,False,True,False,24.5.1,0.0,,,2.804240750515015e+18,ZTF20abcesru
ztf,60530.326817099936,2776326810515015003,2,2776326810515,19.841444,1,2776,0.08577368,19.492954,18.857334,19.3059,0.16402008,0.089600995,0.09133742,0.2165,231.6607146,67.1872997,0.8542857,t17_f5_c3,19.4605,0.3193,True,True,False,24.5.1,0.0,0.9996277,846120205.0,,ZTF20abcesru
ztf,60530.326817099936,2776326810515025003,2,2776326810515,19.8426,1,2776,0.082471,19.491,18.856245,19.2933,0.163284,0.089260615,0.09100007,0.2137,231.660717,67.1872997,0.855714,t17_f5_c3,19.429,0.3099,False,True,False,24.5.1,0.0,,,2.804240750515015e+18,ZTF20abcesru
ztf,60532.23688660003,2778236880515015009,1,2778236880515,20.674957,1,2778,0.14132318,19.646788,19.214382,19.7702,0.0948119,0.061047252,0.06366496,0.1611,231.6608592,67.1872681,0.87142855,t17_f5_c3,19.8977,0.2317,True,True,False,24.5.1,0.0,0.9999994,846120105.0,,ZTF20abcesru
ztf,60532.23688660003,2778236880515025009,1,2778236880515,20.675,1,2778,0.141323,19.6468,19.21439,19.7702,0.094812,0.06104705,0.06366481,0.1611,231.6608592,67.1872681,0.871429,t17_f5_c3,19.8977,0.2317,False,True,False,24.5.1,0.0,,,2.804240750515015e+18,ZTF20abcesru
ztf,60533.237152799964,2779237150515015003,1,2779237150515,20.344625,1,2779,0.14501224,19.662392,19.224834,19.9301,0.1249889,0.081514746,0.08353119,0.2519,231.6609565,67.1873002,0.8428571,t17_f5_c3,19.8171,0.291,True,True,False,24.5.1,0.0,0.9998677,846120105.0,,ZTF20abcesru
ztf,60546.17237270018,2792172370515015002,1,2792172370515,20.24738,1,2792,0.20757331,19.701635,19.250904,19.4278,0.1648285,0.107211486,0.10882776,0.1561,231.6608259,67.1872427,0.6942857,t17_f5_c3,19.3882,0.1924,True,True,False,24.5.1,0.0,0.99990964,846120105.0,,ZTF20abcesru
ztf,60546.240370399784,2792240370515015002,2,2792240370515,19.627626,1,2792,0.20817663,19.484612,18.85268,19.4242,0.20687605,0.11423926,0.11559461,0.2588,231.6606156,67.1873039,0.7657143,t17_f5_c3,19.6427,0.4058,True,True,False,24.5.1,0.0,0.9999957,846120205.0,,ZTF20abcesru
ztf,60546.240370399784,2792240370515025002,2,2792240370515,19.6276,1,2792,0.208177,19.4846,18.852673,19.4242,0.206876,0.11423979,0.11559512,0.2588,231.6606156,67.1873039,0.765714,t17_f5_c3,19.6427,0.4058,False,True,False,24.5.1,0.0,,,2.811179610515015e+18,ZTF20abcesru
ztf,60546.240370399784,2792240370515035002,2,2792240370515,19.6276,1,2792,0.208177,19.4846,18.852673,19.4242,0.206876,0.11423979,0.11559512,0.2588,231.6606156,67.1873039,0.765714,t17_f5_c3,19.6427,0.4058,False,True,False,24.5.1,0.0,,,2.822180630515015e+18,ZTF20abcesru
ztf,60554.19986109994,2800199860515015002,2,2800199860515,20.19527,1,2800,0.17744751,19.61919,18.925812,19.5179,0.16484948,0.08497145,0.08704352,0.2109,231.6608756,67.1872733,0.89857143,t17_f5_c3,19.5378,0.275,True,True,False,24.5.1,0.0,0.99999696,846120205.0,,ZTF20abcesru
ztf,60554.19986109994,2800199860515025002,2,2800199860515,20.1953,1,2800,0.177448,19.6192,18.925817,19.5179,0.164849,0.0849708,0.087042905,0.2109,231.6608756,67.1872733,0.898571,t17_f5_c3,19.5378,0.275,False,True,False,24.5.1,0.0,,,2.822180630515015e+18,ZTF20abcesru
ztf,60554.24099540012,2800240990515015002,1,2800240990515,20.207033,1,2800,0.19223523,19.797535,19.313263,20.192,0.16702943,0.10507866,0.10692618,0.368,231.6608054,67.1872576,0.8585714,t17_f5_c3,20.1132,0.4386,True,True,False,24.5.1,0.0,0.9999999,846120105.0,,ZTF20abcesru
ztf,60554.24099540012,2800240990515025002,1,2800240990515,20.207,1,2800,0.192235,19.7975,19.31324,20.192,0.167029,0.105079696,0.10692712,0.368,231.6608054,67.1872576,0.858571,t17_f5_c3,20.1132,0.4386,False,True,False,24.5.1,0.0,,,2.822180630515015e+18,ZTF20abcesru
ztf,60556.17874999996,2802178740515015002,2,2802178740515,20.234304,1,2802,0.22775614,19.47123,18.845182,19.3969,0.13327654,0.072794095,0.07487465,0.1924,231.6609228,67.1872758,0.93142855,t17_f5_c3,19.5781,0.2908,True,True,False,24.5.1,0.0,0.9998122,846120205.0,,ZTF20abcesru
ztf,60556.17874999996,2802178740515025002,2,2802178740515,20.2343,1,2802,0.227756,19.4712,18.845165,19.3969,0.133277,0.07279532,0.07487577,0.1924,231.6609228,67.1872758,0.931429,t17_f5_c3,19.5781,0.2908,False,True,False,24.5.1,0.0,,,2.822180630515015e+18,ZTF20abcesru
ztf,60556.2165045999,2802216500515015002,1,2802216500515,20.13377,1,2802,0.14375146,19.71423,19.259203,19.4835,0.1614271,0.10447793,0.10616118,0.1966,231.6609144,67.1872745,0.6785714,t17_f5_c3,19.6937,0.305,True,True,False,24.5.1,0.0,0.99600095,846120105.0,,ZTF20abcesru
ztf,60556.2165045999,2802216500515025002,1,2802216500515,20.1338,1,2802,0.143751,19.7142,19.259182,19.4835,0.161427,0.10447897,0.10616214,0.1966,231.6609144,67.1872745,0.678571,t17_f5_c3,19.6937,0.305,False,True,False,24.5.1,0.0,,,2.822180630515015e+18,ZTF20abcesru
ztf,60558.24075229978,2804240750515015000,1,2804240750515,19.945787,1,2804,0.07372373,19.662893,19.22517,19.6952,0.18432434,0.12180734,0.12316672,0.2646,231.6608641,67.1873245,0.8485714,t17_f5_c3,19.5591,0.2994,True,True,False,24.5.1,0.0,0.9994652,846120105.0,,ZTF20abcesru
ztf,60565.17961810017,2811179610515015002,2,2811179610515,19.610888,1,2811,0.34262004,19.563433,18.896015,19.677,0.19360678,0.10307785,0.10470164,0.3512,231.6607721,67.1872084,0.76714283,t17_f5_c3,19.9133,0.5603,True,True,False,24.5.1,0.0,0.99912083,846120205.0,,ZTF20abcesru
ztf,60567.15563660022,2813155630515015005,2,2813155630515,20.049263,1,2813,0.33741415,19.515125,18.869623,19.3082,0.14002681,0.0751616,0.077269964,0.2127,231.6610044,67.1872786,0.8814286,t17_f5_c3,19.0799,0.2211,True,True,False,24.5.1,0.0,0.9994998,846120205.0,,ZTF20abcesru
ztf,60567.22208329989,2813222080515015002,1,2813222080515,19.633045,1,2813,0.26233965,19.55259,19.150236,20.0897,0.19461969,0.13326854,0.13435246,0.5557,231.6607506,67.187369,0.80142856,t17_f5_c3,20.3131,0.8772,True,True,False,24.5.1,0.0,0.9997618,846120105.0,,ZTF20abcesru
ztf,60569.157546299975,2815157540515015001,1,2815157540515,19.1795,1,2815,0.919154,19.7816,19.303036,19.6,0.362014,0.23214312,0.23296954,0.3989,231.6614816,67.1873982,0.355714,t17_f5_c3,19.4881,0.4627,False,True,False,24.5.1,0.0,,,2.822180630515015e+18,ZTF20abcesru
ztf,60569.20115739992,2815201150515015004,2,2815201150515,19.347864,1,2815,0.16014506,19.530605,18.87814,19.7983,0.21194907,0.11479718,0.11621039,0.502,231.6608494,67.18727,0.8857143,t17_f5_c3,19.5628,0.5193,True,True,False,24.5.1,0.0,0.9997487,846120205.0,,ZTF20abcesru
ztf,60572.16141200019,2818161410515015005,1,2818161410515,19.3978,1,2818,0.184401,19.5493,19.147964,19.4985,0.255248,0.17555064,0.17637147,0.3946,231.6607908,67.1872543,0.787143,t17_f5_c3,19.6508,0.583,False,True,False,24.5.1,0.0,,,2.822180630515015e+18,ZTF20abcesru
ztf,60572.19791670004,2818197910515015001,2,2818197910515,19.6396,1,2818,0.325742,19.6915,18.963392,19.9844,0.230754,0.11637691,0.11800661,0.5865,231.6610041,67.1872977,0.778571,t17_f5_c3,19.5006,0.4823,False,True,False,24.5.1,0.0,,,2.822180630515015e+18,ZTF20abcesru
ztf,60575.13888890017,2821138880515015003,1,2821138880515,20.289646,1,2821,0.14531897,19.70298,19.251791,19.6958,0.14921242,0.09668368,0.098475814,0.2054,231.6607491,67.1873099,0.91714287,t17_f5_c3,19.6832,0.26,True,True,False,24.5.1,0.0,0.9999692,846120105.0,,ZTF20abcesru
ztf,60575.20108800009,2821201080515015001,2,2821201080515,19.96684,1,2821,0.07185879,19.583473,18.906807,19.6656,0.15728419,0.08227136,0.08433707,0.3215,231.6607489,67.1872862,0.89285713,t17_f5_c3,19.4299,0.332,True,True,False,24.5.1,0.0,0.99961746,846120205.0,,ZTF20abcesru
ztf,60576.133217600174,2822133210515015001,1,2822133210515,20.285797,1,2822,0.026603555,19.674175,19.232697,19.74,0.13159461,0.085680366,0.087628685,0.217,231.660872,67.1873054,0.9014286,t17_f5_c3,19.8466,0.306,True,True,False,24.5.1,0.0,0.9999975,846120105.0,,ZTF20abcesru
ztf,60576.180636600126,2822180630515015002,2,2822180630515,20.276915,1,2822,0.16642353,19.529913,18.87776,19.7449,0.12047735,0.06355949,0.06607603,0.2619,231.6608945,67.1872966,0.89857143,t17_f5_c3,20.1318,0.4782,True,True,False,24.5.1,0.0,0.9993905,846120205.0,,ZTF20abcesru
ztf,60664.51618060004,2910516180515015002,1,2910516180515,19.581612,1,2910,0.18162984,19.53418,19.137495,19.5149,0.18384846,0.12646562,0.12758096,0.2683,231.660734,67.1873261,0.72571427,t17_f5_c3,19.5646,0.3603,True,True,False,26.0.1,0.0,0.99884844,846120105.0,,ZTF20abcesru
ztf,60666.5338078998,2912533800515015003,2,2912533800515,19.654,1,2912,0.125374,19.4235,18.81811,19.2288,0.147734,0.082845405,0.08459106,0.2487,231.6608415,67.1872808,0.938571,t17_f5_c3,18.882,0.2318,False,True,False,26.0.1,0.0,,,2.940514680515015e+18,ZTF20abcesru
ztf,60675.46077550016,2921460770515015002,1,2921460770515,20.080412,1,2921,0.13153906,19.76759,19.293999,19.8178,0.17751805,0.11310507,0.11476404,0.2242,231.6608286,67.1872725,0.6357143,t17_f5_c3,19.8923,0.3074,True,True,False,26.0.1,0.0,0.99866474,846120105.0,,ZTF20abcesru
ztf,60675.49633099977,2921496330515015007,2,2921496330515,19.975174,1,2921,0.16343959,19.668411,18.951523,19.7366,0.14336893,0.071513,0.07407984,0.2586,231.6608213,67.1872633,0.94285715,t17_f5_c3,19.8038,0.352,True,True,False,26.0.1,0.0,0.9997028,846120205.0,,ZTF20abcesru
ztf,60680.45283559989,2926452830515015003,1,2926452830515,19.6397,1,2926,0.55411,19.5868,19.173737,19.6172,0.227133,0.15427989,0.15525848,0.2088,231.6611247,67.1871916,0.321429,t17_f5_c3,19.6134,0.2664,False,True,False,26.0.1,0.0,,,2.956426240515015e+18,ZTF20abcesru
ztf,60692.42709490005,2938427090515015002,2,2938427090515,19.483137,1,2938,0.24789737,19.480963,18.85064,19.3538,0.15475516,0.08478888,0.086599596,0.275,231.6607509,67.1872356,0.8742857,t17_f5_c3,19.5821,0.4351,True,True,False,26.0.1,0.0,0.99996316,846120205.0,,ZTF20abcesru
ztf,60692.44938659994,2938449380515015001,1,2938449380515,19.332687,1,2938,0.11599947,19.691078,19.243921,19.5496,0.21582614,0.1417582,0.1429689,0.3214,231.6607774,67.1872973,0.68,t17_f5_c3,19.7789,0.5096,True,True,False,26.0.1,0.0,0.5655338,846120105.0,,ZTF20abcesru
ztf,60694.4697106001,2940469710515015004,1,2940469710515,19.67735,1,2940,0.1962057,19.55426,19.15139,19.4172,0.18471016,0.12630522,0.1274508,0.2119,231.6608292,67.1872537,0.6471428,t17_f5_c3,19.5587,0.3093,True,True,False,26.0.1,0.0,0.9971101,846120105.0,,ZTF20abcesru
ztf,60694.51468749996,2940514680515015001,2,2940514680515,19.950226,1,2940,0.4433958,19.52792,18.876665,19.5242,0.14027135,0.07485175,0.07699586,0.2293,231.6607088,67.1871812,0.9357143,t17_f5_c3,19.6532,0.3307,True,True,False,26.0.1,0.0,0.99994373,846120205.0,,ZTF20abcesru
ztf,60696.4947106,2942494710515015001,1,2942494710515,19.4181,1,2942,0.774059,19.5773,19.167234,19.5432,0.221138,0.1505879,0.15157843,0.1995,231.6602975,67.187326,0.274286,t17_f5_c3,19.6987,0.2949,False,True,False,26.0.1,0.0,,,2.971422830515015e+18,ZTF20abcesru
ztf,60698.4328240999,2944432820515015003,1,2944432820515,19.610867,1,2944,0.21921414,19.351786,19.007742,19.3555,0.20323512,0.14728522,0.1480407,0.1628,231.6609708,67.1872648,0.34857142,t17_f5_c3,19.4287,0.2227,True,True,False,26.0.1,0.0,0.97324175,846120105.0,,ZTF20abcesru
ztf,60705.38155090017,2951381550515015007,2,2951381550515,20.17748,1,2951,0.32999966,19.418602,18.815302,19.3496,0.10551574,0.05808232,0.06053375,0.1569,231.6610045,67.1872779,0.93857145,t17_f5_c3,19.4313,0.2159,True,True,False,26.0.1,0.0,0.99996775,846120205.0,,ZTF20abcesru
ztf,60705.531423599925,2951531420515015003,1,2951531420515,20.576792,1,2951,0.083316036,19.703157,19.25191,19.7345,0.12475003,0.080174014,0.08232678,0.1443,231.6608629,67.1872849,0.73714286,t17_f5_c3,19.7611,0.1882,True,True,False,26.0.1,0.0,0.9997747,846120105.0,,ZTF20abcesru
ztf,60710.42625000002,2956426240515015003,2,2956426240515,19.94471,1,2956,0.2602841,19.741158,18.988503,19.8725,0.17476307,0.085055046,0.087375164,0.3347,231.6609392,67.1872732,0.8842857,t17_f5_c3,20.4571,0.7337,True,True,False,26.0.1,0.0,0.999998,846120205.0,,ZTF20abcesru
ztf,60715.55834490014,2961558340515015019,1,2961558340515,19.2083,1,2961,0.328209,19.6018,19.18397,20.3723,0.291611,0.19767995,0.19845916,0.9703,231.6609182,67.1872186,0.56,t17_f5_c3,19.9068,0.8117,False,True,False,26.0.1,0.0,,,2.989376870515015e+18,ZTF20abcesru
ztf,60723.38449069997,2969384490515015002,2,2969384490515,19.2772,1,2969,0.363037,19.5241,18.874567,19.3891,0.236148,0.12857379,0.12982889,0.3299,231.6608573,67.1872087,0.782857,t17_f5_c3,19.6349,0.5306,False,True,False,26.0.1,0.0,,,2.999370320515015e+18,ZTF20abcesru
ztf,60723.46379629988,2969463790515015001,1,2969463790515,18.8982,1,2969,0.214301,19.4835,19.102076,19.7172,0.288295,0.20223796,0.20289318,0.5756,231.6607087,67.1873257,0.574286,t17_f5_c3,19.906,0.8797,False,True,False,26.0.1,0.0,,,2.999370320515015e+18,ZTF20abcesru
ztf,60725.4228356001,2971422830515015002,1,2971422830515,19.970362,1,2971,0.20110628,19.4125,19.051628,19.3426,0.14442955,0.10241327,0.10358751,0.1706,231.6607939,67.1872568,0.8371429,t17_f5_c3,19.5671,0.2684,True,True,False,26.0.1,0.0,0.99881715,846120105.0,,ZTF20abcesru
ztf,60727.42737270007,2973427370515015001,1,2973427370515,20.083847,1,2973,0.20593916,19.531109,19.135363,19.5935,0.12242217,0.08335172,0.08502791,0.1801,231.6607298,67.1872774,0.7871429,t17_f5_c3,19.4626,0.2043,True,True,False,26.0.1,0.0,0.999733,846120105.0,,ZTF20abcesru
ztf,60727.512337999884,2973512330515015001,2,2973512330515,20.200779,1,2973,0.2635228,19.384018,18.795328,19.2954,0.10282069,0.05739488,0.059786674,0.1557,231.6609454,67.1872708,0.93142855,t17_f5_c3,19.262,0.193,True,True,False,26.0.1,0.0,1.0,846120205.0,,ZTF20abcesru
ztf,60729.34866899997,2975348660515015003,1,2975348660515,20.0686,1,2975,0.197418,19.6247,19.199501,19.6034,0.148821,0.09900553,0.10059685,0.1839,231.6609922,67.1872827,0.635714,t17_f5_c3,19.5706,0.2283,False,True,False,26.0.1,0.0,,,3.004487900515015e+18,ZTF20abcesru
ztf,60729.389872699976,2975389870515015001,2,2975389870515,20.252138,1,2975,0.13726866,19.442434,18.82891,19.4721,0.10072728,0.054578703,0.057245042,0.1819,231.6608736,67.1873054,0.9357143,t17_f5_c3,19.5154,0.242,True,True,False,26.0.1,0.0,0.9999944,846120205.0,,ZTF20abcesru
ztf,60733.346226899885,2979346220515015003,1,2979346220515,19.837948,1,2979,0.24179448,19.5519,19.149761,19.3898,0.16665764,0.11380563,0.115071915,0.1595,231.6607506,67.1873619,0.42285714,t17_f5_c3,19.4209,0.2098,True,True,False,26.0.1,0.0,0.99811214,846120105.0,,ZTF20abcesru
ztf,60735.408321800176,2981408320515015013,1,2981408320515,19.629934,1,2981,0.08442719,19.055367,18.784159,18.9316,0.13764803,0.106531404,0.10722282,0.1807,231.6607817,67.1872974,0.7285714,t17_f5_c3,19.0959,0.268,True,True,False,26.0.1,0.0,0.99999726,846120105.0,,ZTF20abcesru
ztf,60735.42969910009,2981429690515015013,2,2981429690515,20.26727,1,2981,0.1748594,19.60485,18.918217,19.6631,0.12949586,0.06619873,0.06880223,0.2163,231.6608884,67.187327,0.9114286,t17_f5_c3,19.6617,0.2758,True,True,False,26.0.1,0.0,0.9999989,846120205.0,,ZTF20abcesru
ztf,60743.376875000075,2989376870515015004,2,2989376870515,19.874722,1,2989,0.06353692,19.341228,18.770243,19.3245,0.1303916,0.07530831,0.07706463,0.2186,231.6607978,67.1872938,0.93714285,t17_f5_c3,19.112,0.2307,True,True,False,26.0.1,0.0,0.9999964,846120205.0,,ZTF20abcesru
ztf,60750.458449100144,2996458440515015003,2,2996458440515,19.884083,1,2996,0.14931147,19.49878,18.860573,19.3361,0.13478751,0.07273917,0.074880265,0.226,231.6608522,67.1872774,0.95,t17_f5_c3,19.361,0.2963,True,True,False,26.0.1,0.0,0.99919856,846120205.0,,ZTF20abcesru
ztf,60753.3703240999,2999370320515015002,1,2999370320515,19.973671,1,2999,0.19453704,19.464735,19.088837,19.6165,0.13284881,0.09258326,0.09397189,0.2523,231.6608409,67.1872532,0.91714287,t17_f5_c3,19.3185,0.246,True,True,False,26.0.1,0.0,0.99999094,846120105.0,,ZTF20abcesru
ztf,60755.34350690013,3001343500515015003,1,3001343500515,19.9234,1,3001,0.237155,19.6016,19.183832,19.6294,0.220746,0.1492095,0.15024003,0.2112,231.6606852,67.1873107,0.754286,t17_f5_c3,19.8416,0.3285,False,True,False,26.0.1,0.0,,,3.021496570515015e+18,ZTF20abcesru
ztf,60755.49163189996,3001491630515015003,2,3001491630515,20.070305,1,3001,0.039306484,19.36688,18.78533,19.4182,0.12530223,0.07143905,0.073339604,0.2048,231.6607414,67.1873061,0.86,t17_f5_c3,19.1656,0.2079,True,True,False,26.0.1,0.0,0.99975526,846120205.0,,ZTF20abcesru
ztf,60758.427893499844,3004427890515015008,1,3004427890515,20.455984,1,3004,0.22665198,19.483034,19.101748,19.2285,0.11820339,0.081588574,0.08319848,0.1095,231.6608962,67.1872462,0.7114286,t17_f5_c3,19.1764,0.1331,True,True,False,26.0.1,0.0,0.9999994,846120105.0,,ZTF20abcesru
ztf,60758.48790509999,3004487900515015006,2,3004487900515,20.227047,1,3004,0.03495217,19.45226,18.834484,19.3355,0.11832073,0.06469312,0.06698087,0.1686,231.6608096,67.1873009,0.94714284,t17_f5_c3,19.5226,0.256,True,True,False,26.0.1,0.0,0.99997544,846120205.0,,ZTF20abcesru
ztf,60762.42440970009,3008424400515015002,2,3008424400515,19.0833,1,3008,0.372946,19.2068,18.688797,18.8265,0.231722,0.14299917,0.14380229,0.2561,231.6610442,67.1873164,0.388571,t17_f5_c3,18.9967,0.384,False,True,False,26.0.1,0.0,,,3.036387360515015e+18,ZTF20abcesru
ztf,60771.383842600044,3017383840515015002,2,3017383840515,20.3131,1,3017,0.189195,19.4131,18.812143,19.5775,0.116526,0.06480117,0.06699465,0.2084,231.6608387,67.1872575,0.947143,t17_f5_c3,19.6818,0.2935,False,True,False,26.0.1,0.0,,,3.044323960515015e+18,ZTF20abcesru
ztf,60773.32788190013,3019327880515015004,1,3019327880515,19.56061,1,3019,0.035502456,19.394844,19.038937,19.2058,0.17980194,0.12863289,0.12954816,0.2095,231.6608799,67.1873027,0.63714284,t17_f5_c3,19.0418,0.2311,True,True,False,26.0.1,0.0,0.98953044,846120105.0,,ZTF20abcesru
ztf,60773.371076399926,3019371070515015005,2,3019371070515,19.416752,1,3019,0.13344094,19.250788,18.715883,19.1112,0.14571245,0.08765944,0.089029744,0.297,231.6608156,67.1872704,0.9028571,t17_f5_c3,18.7412,0.2712,True,True,False,26.0.1,0.0,0.9999958,846120205.0,,ZTF20abcesru
ztf,60775.49657410011,3021496570515015001,1,3021496570515,20.067228,1,3021,0.2727178,19.597212,19.180843,19.6167,0.15695213,0.10551524,0.106959656,0.2479,231.6609449,67.1872391,0.87714285,t17_f5_c3,19.6478,0.3273,True,True,False,26.0.1,0.0,0.99974585,846120105.0,,ZTF20abcesru
ztf,60781.32060190011,3027320600515015005,2,3027320600515,19.658249,1,3027,0.08063905,19.28533,18.736858,19.4414,0.14855182,0.0882225,0.08963741,0.3535,231.660794,67.1872828,0.83,t17_f5_c3,19.5296,0.4915,True,True,False,26.0.1,0.0,0.9969853,846120205.0,,ZTF20abcesru
ztf,60786.34797450015,3032347970515015001,1,3032347970515,20.025873,1,3032,0.20343821,19.421518,19.058088,19.3117,0.1572169,0.11140018,0.112493515,0.1827,231.6609571,67.1872697,0.8471429,t17_f5_c3,19.0568,0.1851,True,True,False,26.0.1,0.0,0.9963995,846120105.0,,ZTF20abcesru
ztf,60786.41988429986,3032419880515015002,2,3032419880515,19.2621,1,3032,0.228049,19.3942,18.801237,20.009,0.256634,0.14768147,0.14863768,0.8545,231.660915,67.1872691,0.644286,t17_f5_c3,19.7297,0.8486,False,True,False,27.5.6,0.0,,,3.060359890515015e+18,ZTF20abcesru
ztf,60790.38736109994,3036387360515015005,1,3036387360515,20.885012,1,3036,0.09980816,19.445738,19.075363,19.5459,0.09555647,0.06605161,0.06793763,0.1081,231.660823,67.187283,0.9071429,t17_f5_c3,19.5864,0.142,True,True,False,26.0.1,0.0,1.0,846120105.0,,ZTF20abcesru
ztf,60796.36488430016,3042364880515015004,1,3042364880515,20.831774,1,3042,0.08682471,19.503557,19.116152,19.4839,0.10302599,0.070193835,0.072108254,0.1007,231.6608709,67.187284,0.9014286,t17_f5_c3,19.5496,0.1354,True,True,False,26.0.1,0.0,0.999997,846120105.0,,ZTF20abcesru
ztf,60798.32396990014,3044323960515015002,1,3044323960515,20.507603,1,3044,0.080536276,19.582357,19.170698,19.8198,0.11496372,0.07674805,0.078685984,0.1803,231.6608656,67.187286,0.9114286,t17_f5_c3,19.8033,0.2266,True,True,False,26.0.1,0.0,1.0,846120105.0,,ZTF20abcesru
ztf,60804.37936339993,3050379360515015003,2,3050379360515,20.042807,1,3050,0.13501792,19.356506,18.779245,19.6573,0.10953296,0.062214036,0.06436364,0.282,231.6608002,67.1873341,0.9142857,t17_f5_c3,19.4332,0.2944,True,True,False,27.5.6,0.0,0.99999785,846120205.0,,ZTF20abcesru
ztf,60804.44986109994,3050449860515015012,1,3050449860515,20.005083,1,3050,0.08428055,19.484108,19.102503,19.3639,0.11576925,0.07981407,0.081461325,0.1836,231.66081,67.1873229,0.81142855,t17_f5_c3,19.6217,0.2978,True,True,False,27.5.6,0.0,0.994558,846120105.0,,ZTF20abcesru
ztf,60810.217731500044,3056217730515015004,1,3056217730515,20.203257,1,3056,0.24081682,19.57109,19.162975,19.4164,0.13372377,0.09019377,0.09182528,0.1598,231.6608754,67.1872405,0.82714283,t17_f5_c3,19.5163,0.224,True,True,False,27.5.6,0.0,0.99997914,846120105.0,,ZTF20abcesru
ztf,60814.30730320001,3060307300515015003,1,3060307300515,20.204288,1,3060,0.144125,19.584204,19.171963,19.5826,0.15256363,0.102908246,0.10436489,0.1594,231.6608177,67.1872702,0.8214286,t17_f5_c3,19.5399,0.1958,True,True,False,27.5.6,0.0,0.99999034,846120105.0,,ZTF20abcesru
ztf,60814.359895799775,3060359890515015005,2,3060359890515,20.000362,1,3060,0.07265002,19.45791,18.837679,19.8287,0.13119973,0.07203027,0.07410381,0.2745,231.6608274,67.1873084,0.8414286,t17_f5_c3,19.8312,0.3524,True,True,False,27.5.6,0.0,0.9998612,846120205.0,,ZTF20abcesru
ztf,60817.34084489988,3063340840515015003,1,3063340840515,20.716927,1,3063,0.051640976,19.455965,19.082624,19.5813,0.087123364,0.059663996,0.061772984,0.1347,231.6608102,67.1873021,0.9257143,t17_f5_c3,19.6795,0.1877,True,True,False,27.5.6,0.0,0.99999726,846120105.0,,ZTF20abcesru
ztf,60821.285161999986,3067285160515015002,1,3067285160515,20.570057,1,3067,0.13362072,19.56514,19.158884,19.7279,0.122094154,0.08220985,0.0839833,0.1567,231.6607596,67.1872891,0.91,t17_f5_c3,19.9698,0.2492,True,True,False,27.5.6,0.0,0.9999977,846120105.0,,ZTF20abcesru
ztf,60823.26034720009,3069260340515015003,1,3069260340515,20.627348,1,3069,0.056943707,19.502415,19.115353,19.8281,0.09809641,0.06666991,0.0686797,0.1735,231.660884,67.1872957,0.89,t17_f5_c3,19.8152,0.2185,True,True,False,27.5.6,0.0,0.9999993,846120105.0,,ZTF20abcesru
ztf,60825.226712999865,3071226710515015004,1,3071226710515,20.41035,1,3071,0.11031463,19.549477,19.148087,19.5378,0.12759933,0.086510114,0.08816423,0.155,231.6608232,67.1872797,0.88714284,t17_f5_c3,19.5842,0.2066,True,True,False,27.5.6,0.0,0.9999213,846120105.0,,ZTF20abcesru
ztf,60830.39405089989,3076394050515015001,1,3076394050515,20.2879,1,3076,0.027827,19.4629,19.087538,19.5283,0.136036,0.09492226,0.09627395,0.1462,231.6608391,67.1873042,0.872857,t17_f5_c3,19.4697,0.1766,False,True,False,27.5.6,0.0,,,3.106299680515015e+18,ZTF20abcesru
ztf,60832.369398099836,3078369390515015002,1,3078369390515,19.9394,1,3078,0.33773732,19.594893,19.179262,19.6332,0.14235544,0.0954892,0.0970783,0.2447,231.6610875,67.1872757,0.9114286,t17_f5_c3,19.7917,0.3628,True,True,False,27.5.6,0.0,0.9993362,846120105.0,,ZTF20abcesru
ztf,60834.39084490016,3080390840515015001,1,3080390840515,19.753609,1,3080,0.36694834,19.52411,19.130497,19.7027,0.17524424,0.12080237,0.121954635,0.2974,231.660881,67.187205,0.81714284,t17_f5_c3,19.556,0.3332,True,True,False,27.5.6,0.0,0.99960065,846120105.0,,ZTF20abcesru
ztf,60836.277673599776,3082277670515015001,1,3082277670515,19.435898,1,3082,0.18022169,19.698393,19.248762,19.4432,0.2154713,0.14118245,0.14240888,0.3267,231.6607442,67.1872823,0.70428574,t17_f5_c3,19.4427,0.4191,True,True,False,27.5.6,0.0,0.99931425,846120105.0,,ZTF20abcesru
ztf,60836.30046299985,3082300460515015002,2,3082300460515,19.561302,1,3082,0.1102155,19.362528,18.78278,19.2967,0.17767785,0.10284502,0.104167975,0.2599,231.6608494,67.1873031,0.85714287,t17_f5_c3,19.497,0.4006,True,True,False,27.5.6,0.0,0.99997044,846120205.0,,ZTF20abcesru
ztf,60838.28106479999,3084281060515015002,1,3084281060515,19.85534,1,3084,0.110559516,19.46315,19.087715,19.7917,0.14629687,0.10227253,0.10352871,0.367,231.6607749,67.1873182,0.88285714,t17_f5_c3,19.8727,0.5073,True,True,False,27.5.6,0.0,0.9999884,846120105.0,,ZTF20abcesru
ztf,60840.28280089982,3086282800515015004,2,3086282800515,19.963736,1,3086,0.2339727,19.636559,18.934948,19.7633,0.14434853,0.07320777,0.075642936,0.2852,231.6609323,67.1872965,0.8814286,t17_f5_c3,19.572,0.3065,True,True,False,27.5.6,0.0,0.9999956,846120205.0,,ZTF20abcesru
ztf,60842.27982639987,3088279820515015002,1,3088279820515,20.558369,1,3088,0.08677652,19.530111,19.13467,19.5599,0.11390529,0.077333234,0.07913474,0.1517,231.6608826,67.1872855,0.9071429,t17_f5_c3,19.7593,0.2325,True,True,False,27.5.6,0.0,0.99999803,846120105.0,,ZTF20abcesru
ztf,60842.32442130009,3088324420515015002,2,3088324420515,20.182837,1,3088,0.24057207,19.429298,18.821426,19.0299,0.107518345,0.05898097,0.061423387,0.134,231.6608179,67.1872391,0.7785714,t17_f5_c3,18.7402,0.1313,True,True,False,27.5.6,0.0,0.9999331,846120205.0,,ZTF20abcesru
ztf,60844.348286999855,3090348280515015003,2,3090348280515,20.175642,1,3090,0.19124897,19.464542,18.841421,19.4497,0.09973293,0.053396616,0.056181036,0.1944,231.6608544,67.1872632,0.9342857,t17_f5_c3,19.2594,0.2088,True,True,False,27.5.6,0.0,0.999998,846120205.0,,ZTF20abcesru
ztf,60844.43107639998,3090431070515015002,1,3090431070515,19.72556,1,3090,0.16652675,19.458755,19.084602,19.4144,0.15252185,0.106865525,0.108061485,0.2279,231.6607797,67.1873341,0.79,t17_f5_c3,19.4458,0.3007,True,True,False,27.5.6,0.0,0.9934882,846120105.0,,ZTF20abcesru
ztf,60846.2868170999,3092286810515015001,1,3092286810515,20.485437,1,3092,0.033454217,19.547459,19.146692,19.7524,0.11211136,0.0756254,0.07750736,0.1681,231.6608743,67.1872935,0.8914286,t17_f5_c3,19.8944,0.2442,True,True,False,27.5.6,0.0,0.99999726,846120105.0,,ZTF20abcesru
ztf,60846.339803200215,3092339800515015004,2,3092339800515,20.51936,1,3092,0.18993281,19.431896,18.82291,19.6454,0.09735335,0.052838877,0.055559237,0.1772,231.6608863,67.1872754,0.93857145,t17_f5_c3,19.6178,0.2204,True,True,False,27.5.6,0.0,0.99994314,846120205.0,,ZTF20abcesru
ztf,60848.30377310002,3094303770515015004,2,3094303770515,20.4531,1,3094,0.11766458,19.53222,18.879025,19.5781,0.09643758,0.049650125,0.0528406,0.166,231.6608385,67.1872845,0.94142854,t17_f5_c3,19.5198,0.2007,True,True,False,27.5.6,0.0,0.9999999,846120205.0,,ZTF20abcesru
ztf,60850.32328699995,3096323280515015003,2,3096323280515,20.482828,1,3096,0.24233826,19.543459,18.885168,19.8036,0.10948916,0.056874353,0.059711035,0.2203,231.6608702,67.1872473,0.92285717,t17_f5_c3,19.6729,0.2494,True,True,False,27.5.6,0.0,0.99999785,846120205.0,,ZTF20abcesru
ztf,60850.38285879977,3096382850515015002,2,3096382850515,20.470165,1,3096,0.22384992,19.517408,18.870884,19.2424,0.11298317,0.05964609,0.062287904,0.1348,231.6608221,67.1872444,0.86285716,t17_f5_c3,19.3298,0.1862,True,True,False,27.5.6,0.0,0.9997175,846120205.0,,ZTF20abcesru
ztf,60852.32334489981,3098323340515015006,2,3098323340515,20.365234,1,3098,0.08093308,19.478655,18.849348,19.6332,0.128832,0.06998264,0.07216071,0.2246,231.6608329,67.1873001,0.8914286,t17_f5_c3,19.7603,0.3225,True,True,False,27.5.6,0.0,0.9999977,846120205.0,,ZTF20abcesru
ztf,60852.32334489981,3098323340515025006,2,3098323340515,20.3652,1,3098,0.080933,19.4787,18.849373,19.6332,0.128832,0.06998116,0.07215937,0.2246,231.6608329,67.1873001,0.891429,t17_f5_c3,19.7603,0.3225,False,True,False,27.5.6,0.0,,,3.106299680515015e+18,ZTF20abcesru
ztf,60854.31094910018,3100310940515015001,1,3100310940515,20.430393,1,3100,0.089661,19.564175,19.15822,19.5316,0.12869538,0.08687043,0.088548556,0.1511,231.6609206,67.1873028,0.9142857,t17_f5_c3,19.4474,0.1786,True,True,False,27.5.6,0.0,0.9999894,846120105.0,,ZTF20abcesru
ztf,60854.32877309993,3100328770515015002,2,3100328770515,20.559856,1,3100,0.11161849,19.359217,18.780838,19.5415,0.07359021,0.03991512,0.04319848,0.1657,231.6608296,67.1872833,0.93,t17_f5_c3,19.7721,0.2609,True,True,False,27.5.6,0.0,0.9999999,846120205.0,,ZTF20abcesru
ztf,60858.310057899915,3104310050515015002,2,3104310050515,20.39978,1,3104,0.115705065,19.504026,18.863485,19.5118,0.10885284,0.05764938,0.06034251,0.1733,231.6608485,67.1872886,0.93142855,t17_f5_c3,19.4366,0.2064,True,True,False,27.5.6,0.0,0.9999156,846120205.0,,ZTF20abcesru
ztf,60858.3671875,3104367180515015001,1,3104367180515,20.355742,1,3104,0.22911942,19.66242,19.224854,19.3376,0.15359086,0.10101102,0.10264524,0.1376,231.6609192,67.1872481,0.76285714,t17_f5_c3,19.1076,0.1423,True,True,False,27.5.6,0.0,0.9999927,846120105.0,,ZTF20abcesru
ztf,60860.233900499996,3106233900515015003,1,3106233900515,20.326242,1,3106,0.031531814,19.471174,19.093388,19.5294,0.09984987,0.06862948,0.07050704,0.1881,231.6608693,67.1873096,0.9028571,t17_f5_c3,19.7079,0.2835,True,True,False,27.5.6,0.0,0.9999595,846120105.0,,ZTF20abcesru
ztf,60860.29968750011,3106299680515015002,2,3106299680515,20.347433,1,3106,0.2422688,19.467321,18.842985,19.1309,0.1133385,0.06132795,0.063773885,0.137,231.6608458,67.1872354,0.8457143,t17_f5_c3,19.1661,0.1808,True,True,False,27.5.6,0.0,0.99997115,846120205.0,,ZTF20abcesru
ztf,60900.17994209984,3146179940515015006,1,3146179940515,20.547949,1,3146,0.07406873,19.66463,19.226332,19.9154,0.1144551,0.07422397,0.076439016,0.209,231.6608534,67.1872807,0.8914286,t17_f5_c3,20.0775,0.31,True,True,False,27.5.6,0.0,0.99997723,846120105.0,,ZTF20abcesru
ztf,60902.1780555998,3148178050515015006,2,3148178050515,20.587908,1,3148,0.022423444,19.656582,18.945395,19.529,0.11833252,0.058381975,0.061465226,0.1594,231.6607431,67.1873046,0.8414286,t17_f5_c3,19.2995,0.1648,True,True,False,27.5.6,0.0,0.99982417,846120205.0,,ZTF20abcesru
ztf,60902.238263899926,3148238260515015001,1,3148238260515,20.277264,1,3148,0.061029293,19.674135,19.23267,19.7475,0.14460547,0.094524324,0.096293785,0.1955,231.6608682,67.1873244,0.87285715,t17_f5_c3,19.8893,0.2849,True,True,False,27.5.6,0.0,0.99998546,846120105.0,,ZTF20abcesru
ztf,60908.21849540016,3154218490515015003,2,3154218490515,20.311445,1,3154,0.23736864,19.728018,18.981915,20.288,0.17266683,0.084543526,0.086849526,0.3909,231.6608363,67.187241,0.8857143,t17_f5_c3,20.3281,0.5191,True,True,False,27.5.6,0.0,0.9999912,846120205.0,,ZTF20abcesru
ztf,60910.26645829994,3156266450515015003,2,3156266450515,20.178118,1,3156,0.22845037,19.582655,18.906368,20.2858,0.14748387,0.07690552,0.079109706,0.5016,231.660743,67.1872417,0.7114286,t17_f5_c3,20.2371,0.6152,True,True,False,27.5.6,0.0,0.99931157,846120205.0,,ZTF20abcesru
ztf,60923.17540509999,3169175400515015001,1,3169175400515,19.5884,1,3169,0.245357,19.8821,19.366634,20.3925,0.236555,0.1456693,0.14714514,0.8052,231.6610294,67.1872909,0.694286,t17_f5_c3,19.7173,0.5555,False,True,False,27.5.6,0.0,,,3.194179420515015e+18,ZTF20abcesru
ztf,60948.17942130007,3194179420515015001,2,3194179420515,20.134224,1,3194,0.20573466,19.816462,19.0255,20.0347,0.17119388,0.07998981,0.0826235,0.3901,231.6608615,67.1872566,0.87857145,t17_f5_c3,19.8815,0.4344,True,True,False,27.5.6,0.0,0.9998352,846120205.0,,ZTF20abcesru
ztf,61020.51456019981,3266514560515015001,2,3266514560515,20.02124,1,3266,0.20448509,19.912903,19.070978,19.7429,0.18679914,0.083270185,0.08602104,0.3013,231.6607831,67.1873621,0.8657143,t17_f5_c3,19.5598,0.3267,True,True,False,27.5.7a32.dev1,0.0,0.9998667,846120205.0,,ZTF20abcesru
ztf,61020.535497699864,3266535490515015002,1,3266535490515,20.092016,1,3266,0.21773559,19.762497,19.290703,19.6427,0.18049864,0.1152658,0.11688432,0.2406,231.6607247,67.1873412,0.8442857,t17_f5_c3,19.7163,0.33,True,True,False,27.5.7a32.dev1,0.0,0.99953294,846120105.0,,ZTF20abcesru
ztf,61022.50925929984,3268509250515015003,2,3268509250515,20.103827,1,3268,0.17401098,19.983486,19.102913,20.1658,0.18595673,0.079594,0.08263847,0.4047,231.6608933,67.1873146,0.8685714,t17_f5_c3,20.1845,0.5278,True,True,False,27.5.7a32.dev1,0.0,0.99914145,846120205.0,,ZTF20abcesru
ztf,61022.54660880007,3268546600515015002,1,3268546600515,20.3078,1,3268,0.074119,20.2134,19.560575,20.3389,0.217869,0.11680183,0.11941682,0.3584,231.6608362,67.187327,0.697143,t17_f5_c3,20.2833,0.4368,False,True,False,27.5.7a32.dev1,0.0,,,3.276529860515015e+18,ZTF20abcesru
ztf,61025.51908560004,3271519080515015011,2,3271519080515,20.125114,1,3271,0.43160388,19.864475,19.048409,19.8743,0.15189019,0.06844202,0.07163129,0.29,231.6610363,67.1872376,0.92285717,t17_f5_c3,19.8041,0.348,True,True,False,27.5.7a32.dev1,0.0,0.99997675,846120205.0,,ZTF20abcesru
ztf,61025.537476900034,3271537470515015003,1,3271537470515,20.20691,1,3271,0.2286421,19.985516,19.429796,20.068,0.21253362,0.12547137,0.12739125,0.2766,231.6608057,67.1872467,0.85571426,t17_f5_c3,20.0404,0.3456,True,True,False,27.5.7a32.dev1,0.0,0.9999489,846120105.0,,ZTF20abcesru
ztf,61027.48920139996,3273489200515015002,1,3273489200515,19.9027,1,3273,0.082355,19.9222,19.391403,19.7119,0.238015,0.14441982,0.14597741,0.2747,231.6609082,67.1872959,0.562857,t17_f5_c3,19.8429,0.3969,False,True,False,27.5.7a32.dev1,0.0,,,3.302554590515015e+18,ZTF20abcesru
ztf,61027.532280100044,3273532280515015000,2,3273532280515,19.7643,1,3273,0.211793,19.9539,19.089664,20.371,0.241779,0.106842466,0.10907482,0.6031,231.6609258,67.187317,0.878571,t17_f5_c3,20.2282,0.6793,False,True,False,27.5.7a32.dev1,0.0,,,3.302554590515015e+18,ZTF20abcesru
ztf,61030.48950230004,3276489500515015003,1,3276489500515,20.232836,1,3276,0.069070555,19.99823,19.437399,19.9075,0.18926594,0.1107104,0.11291195,0.2436,231.6608131,67.1872984,0.79571426,t17_f5_c3,19.8633,0.2995,True,True,False,27.5.7a32.dev1,0.0,0.99965763,846120105.0,,ZTF20abcesru
ztf,61030.52986110002,3276529860515015002,2,3276529860515,20.439154,1,3276,0.2889516,19.888004,19.05944,19.7886,0.1353348,0.059370663,0.06309342,0.219,231.6609021,67.1872401,0.9014286,t17_f5_c3,19.8009,0.2832,True,True,False,27.5.7a32.dev1,0.0,0.99999213,846120205.0,,ZTF20abcesru
ztf,61037.46839120006,3283468390515015000,2,3283468390515,19.4521,1,3283,0.344327,19.5057,18.864412,19.6201,0.218953,0.11997379,0.12129313,0.2563,231.6606161,67.1872301,0.617143,t17_f5_c3,19.9214,0.4334,False,True,False,27.5.7a32.dev1,0.0,,,3.302554590515015e+18,ZTF20abcesru
ztf,61052.49428239977,3298494280515015001,2,3298494280515,19.6471,1,3298,0.116155,19.8715,19.051716,19.8781,0.257093,0.118956,0.120830424,0.2983,231.6608264,67.1872787,0.572857,t17_f5_c3,19.9934,0.4252,False,True,False,27.5.7a32.dev1,0.0,,,3.302554590515015e+18,ZTF20abcesru
ztf,61052.55879630009,3298558790515015004,1,3298558790515,20.0425,1,3298,0.101664,19.9817,19.427507,19.5395,0.247748,0.14707305,0.14870746,0.1784,231.6609158,67.1873053,0.424286,t17_f5_c3,19.369,0.1954,False,True,False,27.5.7a32.dev1,0.0,,,3.302554590515015e+18,ZTF20abcesru
ztf,61054.552245399915,3300552240515015002,2,3300552240515,20.245768,1,3300,0.15859906,19.861864,19.047176,19.6652,0.15442795,0.06979758,0.07292065,0.2109,231.660667,67.1872897,0.9,t17_f5_c3,19.5419,0.2409,True,True,False,27.5.7a32.dev1,0.0,0.9989175,846120205.0,,ZTF20abcesru
ztf,61056.45326389978,3302453260515015001,2,3302453260515,20.133371,1,3302,0.421305,19.872068,19.051983,19.8574,0.17866448,0.08122419,0.08394672,0.2862,231.6610712,67.187313,0.93857145,t17_f5_c3,20.2737,0.5374,True,True,False,27.5.7a32.dev1,0.0,0.9999974,846120205.0,,ZTF20abcesru
ztf,61056.55459489999,3302554590515015002,1,3302554590515,20.184282,1,3302,0.40761206,19.941101,19.402956,19.6772,0.17586328,0.104952894,0.10713151,0.1839,231.6611489,67.1872899,0.35857144,t17_f5_c3,19.7391,0.249,True,True,False,27.5.7a32.dev1,0.0,0.99653757,846120105.0,,ZTF20abcesru
